A_msweep_f64                 m= 2 sig=2 dbl=1 fm=1 fg=1 nf=  500 x0=-0.5 k0= -250  max_err=2.111e-01  bound=4.058e+00  ratio=5.20e-02
A_msweep_f64                 m= 4 sig=2 dbl=1 fm=1 fg=1 nf=  500 x0=-0.5 k0= -250  max_err=2.137e-03  bound=6.154e-02  ratio=3.47e-02
A_msweep_f64                 m= 6 sig=2 dbl=1 fm=1 fg=1 nf=  500 x0=-0.5 k0= -250  max_err=4.460e-05  bound=9.332e-04  ratio=4.78e-02
A_msweep_f64                 m= 8 sig=2 dbl=1 fm=1 fg=1 nf=  500 x0=-0.5 k0= -250  max_err=5.210e-07  bound=1.415e-05  ratio=3.68e-02
A_msweep_f64                 m=10 sig=2 dbl=1 fm=1 fg=1 nf=  500 x0=-0.5 k0= -250  max_err=9.971e-09  bound=2.146e-07  ratio=4.65e-02
A_msweep_f64                 m=12 sig=2 dbl=1 fm=1 fg=1 nf=  500 x0=-0.5 k0= -250  max_err=1.190e-10  bound=3.254e-09  ratio=3.66e-02
A_msweep_f64                 m=14 sig=2 dbl=1 fm=1 fg=1 nf=  500 x0=-0.5 k0= -250  max_err=8.322e-12  bound=4.935e-11  ratio=1.69e-01
A_msweep_f64                 m=16 sig=2 dbl=1 fm=1 fg=1 nf=  500 x0=-0.5 k0= -250  max_err=1.368e-11  bound=7.484e-13  ratio=1.83e+01
B_msweep_f32                 m= 2 sig=2 dbl=0 fm=1 fg=1 nf=  500 x0=-0.5 k0= -250  max_err=2.112e-01  bound=4.058e+00  ratio=5.20e-02
B_msweep_f32                 m= 4 sig=2 dbl=0 fm=1 fg=1 nf=  500 x0=-0.5 k0= -250  max_err=2.716e-03  bound=6.154e-02  ratio=4.41e-02
B_msweep_f32                 m= 6 sig=2 dbl=0 fm=1 fg=1 nf=  500 x0=-0.5 k0= -250  max_err=2.010e-03  bound=9.332e-04  ratio=2.15e+00
B_msweep_f32                 m= 8 sig=2 dbl=0 fm=1 fg=1 nf=  500 x0=-0.5 k0= -250  max_err=2.382e-03  bound=1.415e-05  ratio=1.68e+02
B_msweep_f32                 m=10 sig=2 dbl=0 fm=1 fg=1 nf=  500 x0=-0.5 k0= -250  max_err=3.420e-03  bound=2.146e-07  ratio=1.59e+04
B_msweep_f32                 m=12 sig=2 dbl=0 fm=1 fg=1 nf=  500 x0=-0.5 k0= -250  max_err=5.035e-03  bound=3.254e-09  ratio=1.55e+06
B_msweep_f32                 m=14 sig=2 dbl=0 fm=1 fg=1 nf=  500 x0=-0.5 k0= -250  max_err=7.797e-03  bound=4.935e-11  ratio=1.58e+08
B_msweep_f32                 m=16 sig=2 dbl=0 fm=1 fg=1 nf=  500 x0=-0.5 k0= -250  max_err=1.467e-02  bound=7.484e-13  ratio=1.96e+10
C_sigsweep_f64               m=12 sig=2 dbl=1 fm=1 fg=1 nf=  500 x0=-0.5 k0= -250  max_err=1.190e-10  bound=3.254e-09  ratio=3.66e-02
C_sigsweep_f64               m=12 sig=3 dbl=1 fm=1 fg=1 nf=  500 x0=-0.5 k0= -250  max_err=2.363e-12  bound=2.135e-11  ratio=1.11e-01
C_sigsweep_f64               m=12 sig=4 dbl=1 fm=1 fg=1 nf=  500 x0=-0.5 k0= -250  max_err=1.880e-12  bound=2.477e-12  ratio=7.59e-01
C_sigsweep_f64               m=12 sig=5 dbl=1 fm=1 fg=1 nf=  500 x0=-0.5 k0= -250  max_err=1.742e-12  bound=7.484e-13  ratio=2.33e+00
D_nofastmath_f64             m=12 sig=2 dbl=1 fm=0 fg=1 nf=  500 x0=-0.5 k0= -250  max_err=1.190e-10  bound=3.254e-09  ratio=3.66e-02
D_nofastmath_f32             m=12 sig=2 dbl=0 fm=0 fg=1 nf=  500 x0=-0.5 k0= -250  max_err=5.092e-03  bound=3.254e-09  ratio=1.56e+06
E1_phases_on_f64             m=12 sig=2 dbl=1 fm=1 fg=1 nf=  500 x0=-0.5 k0= -250  max_err=1.190e-10  bound=3.254e-09  ratio=3.66e-02
E2_phases_off_f64            m=12 sig=2 dbl=1 fm=1 fg=1 nf=  500 x0=+0.0 k0=   +0  max_err=1.119e+01  bound=3.254e-09  ratio=3.44e+09
F_slowgrid_f64               m=12 sig=2 dbl=1 fm=1 fg=0 nf=  500 x0=-0.5 k0= -250  max_err=1.286e-10  bound=3.254e-09  ratio=3.95e-02
G_nfscale_f64                m=12 sig=2 dbl=1 fm=1 fg=1 nf=  200 x0=-0.5 k0= -100  max_err=7.947e-11  bound=3.254e-09  ratio=2.44e-02
G_nfscale_f64                m=12 sig=2 dbl=1 fm=1 fg=1 nf=  500 x0=-0.5 k0= -250  max_err=1.190e-10  bound=3.254e-09  ratio=3.66e-02
G_nfscale_f64                m=12 sig=2 dbl=1 fm=1 fg=1 nf= 1000 x0=-0.5 k0= -500  max_err=1.580e-10  bound=3.254e-09  ratio=4.85e-02
G_nfscale_f64                m=12 sig=2 dbl=1 fm=1 fg=1 nf= 2000 x0=-0.5 k0=-1000  max_err=1.717e-10  bound=3.254e-09  ratio=5.27e-02
JSON_RESULT: {"cases": [{"label": "A_msweep_f64", "m": 2, "sigma": 2.0, "use_double": true, "x0": -0.5, "k0": -250, "nf": 500, "ndata": 100, "fast_math": true, "fast_grid": true, "l1": 66.89874303181936, "bound": 4.057976029974096, "max_abs_err": 0.21105489043982095, "rms_err": 0.040638040399143906, "err_over_bound": 0.052009890862063125}, {"label": "A_msweep_f64", "m": 4, "sigma": 2.0, "use_double": true, "x0": -0.5, "k0": -250, "nf": 500, "ndata": 100, "fast_math": true, "fast_grid": true, "l1": 66.89874303181936, "bound": 0.06153766391399897, "max_abs_err": 0.0021370686269121786, "rms_err": 0.00037365740744589403, "err_over_bound": 0.034727815308342}, {"label": "A_msweep_f64", "m": 6, "sigma": 2.0, "use_double": true, "x0": -0.5, "k0": -250, "nf": 500, "ndata": 100, "fast_math": true, "fast_grid": true, "l1": 66.89874303181936, "bound": 0.0009331952806080191, "max_abs_err": 4.4598902328744806e-05, "rms_err": 4.626326656417564e-06, "err_over_bound": 0.047791607239683634}, {"label": "A_msweep_f64", "m": 8, "sigma": 2.0, "use_double": true, "x0": -0.5, "k0": -250, "nf": 500, "ndata": 100, "fast_math": true, "fast_grid": true, "l1": 66.89874303181936, "bound": 1.4151551689809471e-05, "max_abs_err": 5.210061270763533e-07, "rms_err": 6.030971478168468e-08, "err_over_bound": 0.036816183729981335}, {"label": "A_msweep_f64", "m": 10, "sigma": 2.0, "use_double": true, "x0": -0.5, "k0": -250, "nf": 500, "ndata": 100, "fast_math": true, "fast_grid": true, "l1": 66.89874303181936, "bound": 2.146029018694418e-07, "max_abs_err": 9.970840184358505e-09, "rms_err": 8.385670282130523e-10, "err_over_bound": 0.04646181434407851}, {"label": "A_msweep_f64", "m": 12, "sigma": 2.0, "use_double": true, "x0": -0.5, "k0": -250, "nf": 500, "ndata": 100, "fast_math": true, "fast_grid": true, "l1": 66.89874303181936, "bound": 3.2543714286786796e-09, "max_abs_err": 1.1898899068876959e-10, "rms_err": 1.153635444635135e-11, "err_over_bound": 0.036562818134462535}, {"label": "A_msweep_f64", "m": 14, "sigma": 2.0, "use_double": true, "x0": -0.5, "k0": -250, "nf": 500, "ndata": 100, "fast_math": true, "fast_grid": true, "l1": 66.89874303181936, "bound": 4.9351305613953574e-11, "max_abs_err": 8.32152795015171e-12, "rms_err": 1.5254431986919512e-12, "err_over_bound": 0.1686181925002382}, {"label": "A_msweep_f64", "m": 16, "sigma": 2.0, "use_double": true, "x0": -0.5, "k0": -250, "nf": 500, "ndata": 100, "fast_math": true, "fast_grid": true, "l1": 66.89874303181936, "bound": 7.483937894546674e-13, "max_abs_err": 1.3679855960386523e-11, "rms_err": 2.2811073211978952e-12, "err_over_bound": 18.278954412963035}, {"label": "B_msweep_f32", "m": 2, "sigma": 2.0, "use_double": false, "x0": -0.5, "k0": -250, "nf": 500, "ndata": 100, "fast_math": true, "fast_grid": true, "l1": 66.89874303181936, "bound": 4.057976029974096, "max_abs_err": 0.21120735598162485, "rms_err": 0.04063667058412282, "err_over_bound": 0.05204746268128476}, {"label": "B_msweep_f32", "m": 4, "sigma": 2.0, "use_double": false, "x0": -0.5, "k0": -250, "nf": 500, "ndata": 100, "fast_math": true, "fast_grid": true, "l1": 66.89874303181936, "bound": 0.06153766391399897, "max_abs_err": 0.002715503170668111, "rms_err": 0.0005869110449345326, "err_over_bound": 0.044127498477405984}, {"label": "B_msweep_f32", "m": 6, "sigma": 2.0, "use_double": false, "x0": -0.5, "k0": -250, "nf": 500, "ndata": 100, "fast_math": true, "fast_grid": true, "l1": 66.89874303181936, "bound": 0.0009331952806080191, "max_abs_err": 0.002009529298597104, "rms_err": 0.0005216244806950256, "err_over_bound": 2.1533856207328914}, {"label": "B_msweep_f32", "m": 8, "sigma": 2.0, "use_double": false, "x0": -0.5, "k0": -250, "nf": 500, "ndata": 100, "fast_math": true, "fast_grid": true, "l1": 66.89874303181936, "bound": 1.4151551689809471e-05, "max_abs_err": 0.0023819027210821137, "rms_err": 0.0006532017687605654, "err_over_bound": 168.31389046879724}, {"label": "B_msweep_f32", "m": 10, "sigma": 2.0, "use_double": false, "x0": -0.5, "k0": -250, "nf": 500, "ndata": 100, "fast_math": true, "fast_grid": true, "l1": 66.89874303181936, "bound": 2.146029018694418e-07, "max_abs_err": 0.003420138330889157, "rms_err": 0.0008725384614239676, "err_over_bound": 15937.055375746364}, {"label": "B_msweep_f32", "m": 12, "sigma": 2.0, "use_double": false, "x0": -0.5, "k0": -250, "nf": 500, "ndata": 100, "fast_math": true, "fast_grid": true, "l1": 66.89874303181936, "bound": 3.2543714286786796e-09, "max_abs_err": 0.0050345068875331375, "rms_err": 0.0012294692244690319, "err_over_bound": 1546998.2446279088}, {"label": "B_msweep_f32", "m": 14, "sigma": 2.0, "use_double": false, "x0": -0.5, "k0": -250, "nf": 500, "ndata": 100, "fast_math": true, "fast_grid": true, "l1": 66.89874303181936, "bound": 4.9351305613953574e-11, "max_abs_err": 0.007797032995000564, "rms_err": 0.0017959329992551713, "err_over_bound": 157990409.7369216}, {"label": "B_msweep_f32", "m": 16, "sigma": 2.0, "use_double": false, "x0": -0.5, "k0": -250, "nf": 500, "ndata": 100, "fast_math": true, "fast_grid": true, "l1": 66.89874303181936, "bound": 7.483937894546674e-13, "max_abs_err": 0.014669477835629155, "rms_err": 0.002806254373680917, "err_over_bound": 19601282162.320415}, {"label": "C_sigsweep_f64", "m": 12, "sigma": 2.0, "use_double": true, "x0": -0.5, "k0": -250, "nf": 500, "ndata": 100, "fast_math": true, "fast_grid": true, "l1": 66.89874303181936, "bound": 3.2543714286786796e-09, "max_abs_err": 1.1898899068876959e-10, "rms_err": 1.153623600861625e-11, "err_over_bound": 0.036562818134462535}, {"label": "C_sigsweep_f64", "m": 12, "sigma": 3.0, "use_double": true, "x0": -0.5, "k0": -250, "nf": 500, "ndata": 100, "fast_math": true, "fast_grid": true, "l1": 66.89874303181936, "bound": 2.1353297572277232e-11, "max_abs_err": 2.363244889414534e-12, "rms_err": 6.976308338129328e-13, "err_over_bound": 0.1106735332758492}, {"label": "C_sigsweep_f64", "m": 12, "sigma": 4.0, "use_double": true, "x0": -0.5, "k0": -250, "nf": 500, "ndata": 100, "fast_math": true, "fast_grid": true, "l1": 66.89874303181936, "bound": 2.476809446303394e-12, "max_abs_err": 1.8799936992888586e-12, "rms_err": 5.315400787107963e-13, "err_over_bound": 0.7590384888489201}, {"label": "C_sigsweep_f64", "m": 12, "sigma": 5.0, "use_double": true, "x0": -0.5, "k0": -250, "nf": 500, "ndata": 100, "fast_math": true, "fast_grid": true, "l1": 66.89874303181936, "bound": 7.483937894546727e-13, "max_abs_err": 1.7419169285135556e-12, "rms_err": 4.966740142396237e-13, "err_over_bound": 2.3275405983564177}, {"label": "D_nofastmath_f64", "m": 12, "sigma": 2.0, "use_double": true, "x0": -0.5, "k0": -250, "nf": 500, "ndata": 100, "fast_math": false, "fast_grid": true, "l1": 66.89874303181936, "bound": 3.2543714286786796e-09, "max_abs_err": 1.1898899068876959e-10, "rms_err": 1.153635444635135e-11, "err_over_bound": 0.036562818134462535}, {"label": "D_nofastmath_f32", "m": 12, "sigma": 2.0, "use_double": false, "x0": -0.5, "k0": -250, "nf": 500, "ndata": 100, "fast_math": false, "fast_grid": true, "l1": 66.89874303181936, "bound": 3.2543714286786796e-09, "max_abs_err": 0.005091680335288314, "rms_err": 0.0007423475891863116, "err_over_bound": 1564566.4445117156}, {"label": "E1_phases_on_f64", "m": 12, "sigma": 2.0, "use_double": true, "x0": -0.5, "k0": -250, "nf": 500, "ndata": 100, "fast_math": true, "fast_grid": true, "l1": 66.89874303181936, "bound": 3.2543714286786796e-09, "max_abs_err": 1.1898899068876959e-10, "rms_err": 1.153623600861625e-11, "err_over_bound": 0.036562818134462535, "err_profile": [1.1898899068876959e-10, 2.850431201604647e-11, 8.921880223902862e-11, 4.3416206942509194e-11, 4.487223969958594e-11, 4.7422196300286464e-11, 6.751237185563525e-11, 3.323590532082574e-11, 1.640700381966792e-11, 4.209321908808797e-11, 1.3560821722486326e-11, 2.20888801595046e-11, 2.3841104169128886e-11, 1.118805806083784e-11, 1.843217251283072e-11, 1.7292334788876152e-11, 1.6405076062071516e-11, 2.2576063055878183e-12, 3.167321953082367e-12, 8.4995601120511e-12, 1.4479125670866426e-11, 6.80354387495799e-12, 1.2730792060067802e-11, 7.200678286215042e-12, 6.132699704078572e-12, 4.03722644357884e-12, 3.1910200133010096e-12, 3.264377716715384e-12, 3.010273048393935e-12, 5.183082343831658e-12, 3.845425530234096e-12, 1.8501526107270923e-12, 9.401755385778893e-12, 4.589280920317763e-12, 5.253913194823903e-12, 4.381004856153101e-12, 1.924348476486324e-12, 6.0300947338734e-12, 3.890484312490812e-12, 7.579805386819703e-13, 3.1039732785575245e-12, 1.858996260658201e-12, 5.125184528820316e-12, 8.015942848377647e-12, 5.185370552996114e-12, 2.0719250983609946e-12, 5.487029501045362e-13, 6.93023515676077e-13, 4.0626703259242955e-12, 3.542019542069072e-12, 2.3648033555753743e-12, 4.1239200280957675e-12, 6.252025367465296e-13, 2.110195304177299e-12, 2.934015439696348e-12, 2.2476177643160827e-12, 1.871638091715333e-12, 3.5271985031388726e-12, 8.888922283137631e-13, 1.6599815272485817e-12, 1.1340109058218903e-12, 3.859369791425485e-12, 3.497246485075725e-12, 1.063628423923248e-12, 4.8344847001061636e-12, 1.3024444982954825e-12, 7.720057689198501e-13, 2.0913358078322528e-12, 2.5164909904931002e-12, 1.8512768362012517e-12, 1.692472661361738e-12, 1.0433197401852711e-12, 1.007466951636455e-12, 2.703702788045313e-12, 2.0473765329722538e-12, 1.0620743250458574e-12, 2.1141715256363585e-12, 1.6641726310808071e-12, 1.8188957260659709e-12, 2.163303086430819e-12, 7.129479615704628e-13, 7.031602588068908e-13, 1.4298516775190695e-12, 1.8649547385079438e-12, 6.374726975587553e-13, 1.5674847561370208e-12, 1.3540736615805928e-12, 5.97101847673656e-13, 1.4809841832364959e-12, 1.5338386155028484e-12, 1.3535167110472933e-12, 7.786266912970583e-13, 6.233850380374939e-13, 8.513126319829998e-13, 1.570911456520573e-12, 2.949176232925101e-13, 1.1516103202915532e-12, 8.105271983539202e-13, 6.151987139522971e-13, 9.292591918273687e-13, 1.9203411576441337e-12, 1.1649088558234146e-12, 1.5203441284027586e-12, 1.097209998414314e-12, 2.804872511856671e-13, 1.5066380782477702e-12, 6.430671770211409e-13, 1.0052259440059387e-12, 9.739980963560505e-13, 3.504204373850865e-13, 5.320255458174459e-13, 1.5878131324907946e-12, 1.4915118082824166e-13, 1.506622959505416e-13, 6.756125546528859e-13, 7.606866495738725e-13, 4.0666255493691234e-13, 9.034970690796186e-13, 7.332314971622196e-13, 9.849288123613138e-13, 1.6018605747020903e-12, 1.533039434448825e-12, 4.126289610422732e-13, 5.311658879600262e-13, 3.4359650244532605e-13, 2.1789353726241308e-13, 1.0733828103696509e-12, 1.0987137718121106e-12, 1.6507952409268217e-13, 6.31102018198384e-13, 3.4184053587384864e-13, 3.4616547387198176e-13, 1.9198769064958856e-12, 5.885273299501825e-13, 2.700193866466851e-13, 5.200211169212477e-13, 2.3981909540330707e-13, 9.193311680975946e-13, 6.967350698249971e-13, 4.5214677434510025e-13, 2.878369617871144e-14, 1.2452920275237963e-12, 7.511281625856494e-13, 3.5018514483037025e-13, 6.487091560412198e-13, 7.682985987314534e-13, 3.987551579642328e-13, 1.1787904521629803e-12, 2.816397523363921e-13, 5.517683475035625e-13, 3.869288912673358e-13, 9.270208817539417e-13, 2.089800803839942e-13, 4.3740696294157714e-13, 1.0244043730878685e-12, 2.60159345712159e-13, 2.0042801407285132e-13, 9.55828960740334e-13, 4.2296338466563835e-13, 4.749301564474484e-13, 2.8749589113700924e-13, 2.5266919914906775e-13, 5.253851258695653e-13, 6.156148529410985e-13, 7.942860477555592e-13, 3.997424603738909e-13, 5.239668394671121e-13, 5.3821560297375e-13, 1.9813994520378875e-13, 9.089581073498799e-13, 9.87653204623412e-13, 3.7610253137343866e-13, 1.41111358203403e-13, 4.943668423026893e-13, 3.2733020071386767e-13, 1.0284520292194072e-12, 4.996901577183151e-13, 5.790214889958144e-13, 3.424026625007076e-13, 7.85864331517906e-13, 1.7943072672854153e-13, 2.001734749638311e-13, 1.698465614695428e-13, 5.789578782881401e-13, 5.174388760132848e-13, 7.474462727961299e-13, 1.2485305730185306e-13, 5.248542801256037e-13, 4.3092308089194445e-13, 6.220375808458599e-13, 2.754188327679771e-13, 6.034386413298531e-14, 8.48628801007185e-14, 2.735741823641212e-13, 3.5860884259085926e-13, 4.1314261476976915e-13, 5.606802148513336e-13, 3.6631841925109393e-13, 5.214827102331061e-13, 3.647410956478765e-13, 6.108704957728335e-13, 3.313988763180546e-13, 4.340503492561758e-14, 2.22108544565267e-13, 5.169202694752268e-13, 3.527268008941411e-13, 1.8906521149666774e-13, 2.6604613269310135e-13, 1.8529751995033427e-13, 4.0960946889307746e-13, 4.073138807110953e-13, 2.6999017009318616e-13, 4.629463343112837e-13, 2.720929913742579e-13, 3.5873345228132616e-13, 4.575259123174974e-13, 5.458013570525645e-13, 4.2194084110785487e-13, 1.9605419558605165e-13, 4.3119895386668735e-13, 1.8780983699043404e-13, 2.9229707548992286e-13, 9.666785766738198e-13, 5.235463356492085e-13, 5.120471839212901e-13, 4.837564683797463e-13, 2.7392826766081577e-13, 3.217873754740456e-13, 6.00883553339562e-13, 5.927728074930847e-14, 5.364127076246186e-13, 6.720529918556237e-14, 6.277295233627352e-13, 1.8441365891849873e-13, 1.979447638020484e-13, 6.347273200366611e-13, 7.825653314204354e-13, 3.1628646952088865e-13, 3.7427842821532853e-13, 5.362535350177197e-13, 3.8280902034615283e-13, 6.14104288329858e-13, 8.85879614595711e-13, 3.111132610723453e-13, 5.412389055207475e-13, 4.832055008910107e-13, 4.944682086920268e-13, 2.661883763465816e-12, 2.3266884355213253e-13, 3.5058925311379716e-13, 1.4607643537353098e-13, 1.7323240012167692e-13, 8.902742684129319e-13, 1.7112266492934222e-12, 5.080514484424256e-13, 3.5126305553761055e-13, 2.769422349698812e-13, 4.356837713911157e-13, 2.2207346884763853e-13, 4.257767106711353e-13, 4.34118497944167e-13, 3.2174255591641474e-13, 8.70074920736912e-14, 3.098263890316625e-13, 2.7164925078409314e-13, 1.892934570897421e-13, 4.92935222155409e-13, 1.51056481252882e-13, 3.447623450324928e-13, 1.1795104718522392e-13, 4.571887092088091e-13, 2.406134648137741e-13, 2.612154476159918e-13, 1.2837174264637424e-13, 4.2077171414912103e-13, 4.0976224737250536e-13, 6.991070066472343e-13, 2.1000865574803419e-13, 1.7473654837090966e-13, 3.8007498973883684e-13, 3.2751880302488673e-13, 3.359985067873292e-13, 2.343920350575899e-13, 3.4390286761577753e-13, 2.957300718500272e-13, 4.553177172194075e-13, 6.590921623053287e-13, 4.0431146011447423e-13, 4.239254290569444e-13, 2.1282636578914028e-13, 8.563745439516658e-13, 2.2808253316722343e-13, 4.894709287394428e-13, 9.796672388186274e-14, 8.760465348031206e-13, 4.1181630621341396e-13, 1.209144910416794e-12, 1.0443652661215813e-13, 4.1652638354498466e-13, 8.553301137584051e-13, 6.199008177921741e-13, 7.221059883085646e-14, 2.2933757462265213e-13, 8.395071631790751e-13, 7.983807064809037e-13, 1.544154203671445e-13, 7.219072725750964e-13, 3.9795175795585437e-13, 6.65339902285909e-13, 3.32551957945501e-13, 5.088904367712658e-13, 6.104261022457635e-13, 1.1579680433745014e-12, 5.18980566277213e-13, 4.5285299026872693e-13, 8.553143266319781e-13, 4.9562345426328e-13, 4.620630855992273e-13, 9.123110017316381e-13, 2.295524726076828e-13, 5.502848168660498e-13, 1.3682780605251727e-12, 3.1586040168265057e-13, 8.121783400412941e-13, 1.0864880988549206e-12, 1.0714488561348074e-12, 4.845379608684729e-13, 6.434979838581615e-13, 3.075053049267583e-13, 3.330892961327249e-13, 9.66003771373883e-13, 8.814597228242068e-13, 8.31857596242675e-13, 1.2889253060674103e-12, 8.452423629661076e-14, 4.801403837351446e-13, 3.336899000076422e-13, 5.935140560201773e-13, 4.230946767257386e-13, 1.3330895331826272e-12, 4.628682099345422e-13, 3.280518735137287e-13, 6.265140172250778e-13, 3.252431274393308e-13, 3.0832188693458295e-13, 8.146743628848627e-13, 3.6126629926319333e-13, 2.980870877067818e-13, 2.6545457041425054e-13, 4.916956052333589e-13, 6.58514671640216e-13, 3.399802663359114e-13, 2.3153109593279524e-13, 6.274444650938299e-13, 8.196272741887841e-13, 8.537652957013376e-14, 8.680779802024537e-13, 9.197901270421825e-14, 4.826571477510076e-13, 5.81400806575983e-13, 7.696792454187601e-13, 1.6609841819498078e-13, 6.301492878677206e-13, 1.2233954099738003e-12, 5.604477965948137e-13, 8.185741443476076e-13, 5.868332675212837e-13, 9.353535090731008e-14, 2.3711417997595426e-12, 1.5232518839801882e-12, 7.10296778790693e-13, 3.6411767736956427e-13, 9.71061612491464e-13, 1.3319445895005096e-12, 1.7518591345218011e-12, 8.08517217393787e-13, 5.268373594974057e-13, 5.942191100901671e-13, 7.35123694246584e-13, 1.229587211989228e-12, 1.6581277324747572e-12, 1.3633820137633337e-13, 1.1125228011477622e-12, 6.156665480403987e-13, 6.449552254161198e-13, 1.3407258445673788e-12, 1.1584475411649517e-12, 8.00084146500095e-13, 1.0546328693018435e-12, 1.378334440342659e-12, 5.521379201782754e-13, 4.944629863127906e-13, 1.8665297186027144e-12, 9.373498002714953e-13, 1.6221825132487983e-12, 1.4938297634290472e-12, 1.0410576397711842e-12, 1.3188212155241024e-12, 2.8127961658147887e-12, 1.0317636597038578e-12, 2.7938772804418818e-12, 5.240864204079166e-13, 5.156050241667582e-13, 8.634369416920371e-13, 3.339057717286911e-13, 2.2541077236193532e-13, 1.188729847742264e-12, 1.6065201315033475e-12, 4.303536073714081e-13, 5.600012919473061e-13, 1.1266767309290846e-12, 1.5130478478873816e-12, 7.571803073306154e-13, 1.1097103384833464e-12, 1.6462540349185324e-12, 1.8088023370518727e-12, 4.1563428729286054e-13, 1.3943525004868316e-12, 7.707444268441074e-13, 9.41330546281128e-13, 6.726604928440928e-13, 1.483002920078977e-12, 1.2147488671794827e-12, 1.3680257309010067e-12, 1.3234934357479652e-12, 4.336787506834973e-13, 1.8365032084636098e-12, 1.4790144286132514e-12, 7.542271824904912e-13, 8.182644967630048e-13, 7.385828492793848e-13, 1.6176080378564669e-12, 1.5941381392020227e-12, 9.001074819349212e-13, 1.546507231756548e-12, 1.2385741659061864e-12, 2.8849984732619064e-12, 3.207799952271556e-12, 2.462854537815871e-12, 1.253589822353413e-12, 2.776740585142961e-12, 2.62376497616206e-12, 1.7215903935653672e-12, 2.185235348241083e-12, 3.903189574419269e-12, 3.023161519144062e-12, 4.977953678844657e-12, 4.771647452486894e-12, 3.139761372064041e-12, 6.671017293476497e-12, 5.884189739226641e-12, 3.1972120720587617e-12, 2.9400169741269776e-12, 2.208180222018355e-12, 3.920751924549534e-12, 4.852522139162924e-12, 6.312797894154308e-12, 7.274993260863662e-12, 4.208687681481877e-12, 5.90270588145643e-12, 1.0164351243402876e-12, 3.2133453263907184e-12, 1.8872253272564832e-12, 7.721855871980857e-12, 3.890236889571067e-12, 1.2378352437408541e-12, 3.8958389024895595e-12, 2.4745787370439555e-12, 5.9414970721175866e-12, 3.6430875855965296e-12, 7.295152969664608e-12, 7.196329868962041e-12, 2.3601277630893334e-12, 8.953055633294438e-12, 1.3160516299907477e-12, 7.179657557493892e-12, 7.722125121408736e-12, 8.26004255434576e-12, 1.2546618107387703e-11, 8.55108022414857e-12, 1.1988912609883239e-11, 6.980238120419777e-12, 4.383983771823559e-12, 2.1235200471710902e-12, 1.9418472891410883e-11, 1.566119286371454e-11, 1.5488530244685632e-11, 1.2174150867612026e-11, 2.2964200202950377e-11, 2.3913179414259736e-11, 1.3657950097388352e-11, 4.238088854152768e-11, 1.801682287591305e-11, 3.888305304120237e-11, 6.717619445573252e-11, 5.379164215892675e-11, 4.9612232232003385e-11, 3.961837603357806e-11, 8.043818116729381e-11, 2.8026359134258678e-11], "absG_profile": [12.395823609361464, 8.376094901481094, 8.848018734403754, 8.777253193528454, 9.308281289235746, 7.508573108616881, 5.080117922959038, 4.19406130744028, 2.301790775012494, 8.90970370772024, 8.28075336412857, 7.00222079291838, 7.197174492957976, 2.9364963575774583, 3.999571565480281, 2.524058765362975, 6.034985058505761, 2.0135302615221597, 3.1656587760151305, 3.903769485849607, 4.3591663514184384, 4.039077707847798, 9.867648859597654, 4.811877278522555, 5.547272300709253, 3.616962733878904, 9.228307895658178, 4.852123555737505, 6.796290997285124, 16.367028161553222, 6.350042601946118, 6.4557437841389955, 13.060399936715509, 2.1062252223145204, 6.347567824383616, 21.23391598831575, 9.055839803187657, 7.836237968799573, 5.499783420914809, 6.448644882395465, 7.580326731739218, 6.508286116450353, 10.412007342285214, 14.670065231853963, 7.124704644382414, 3.1434986449210727, 2.115121701284365, 3.5758677652413895, 7.140336636030427, 6.647285515181596, 8.697014740740787, 10.452486608679349, 5.793958678320634, 5.65669100879252, 3.970108396269251, 6.623357891360121, 9.77918175259936, 10.06219292298286, 10.119339488063966, 11.67982437523218, 5.569017918692572, 13.26719798722763, 9.471258981009088, 14.208081498546385, 8.37637121155363, 4.407660949035923, 3.946079079444862, 9.995330026971002, 5.174149150309339, 6.704052193006219, 7.834392638100392, 8.44123724041311, 7.547894469107477, 11.482855317995185, 3.6121528138963637, 10.409287049093766, 3.456276475940198, 12.384026386203374, 13.731712933874142, 8.091599872677847, 1.6851002419548355, 8.657557001097405, 9.671821413403638, 8.925802901570794, 7.330289684298492, 8.544469697912861, 8.503616505168864, 7.393330581443709, 7.340130799158766, 9.346597936890252, 5.255090090952278, 6.562914512823844, 2.852144806552157, 5.126787553877404, 8.494086416334412, 3.255023558158059, 3.413618183356602, 2.076118673423415, 6.8701209495747975, 6.530760427437743, 14.674445063703851, 2.2707900955412526, 9.977955044901975, 7.160368779553418, 4.900341397605163, 6.44388079499075, 9.4733740374686, 5.0610457838727445, 11.003643077284611, 4.094375895052145, 6.2285418415050815, 7.302546285860488, 8.007853592652944, 5.819408529860631, 9.02769243588949, 7.730045880616913, 2.1152084106954674, 6.703078609763414, 8.268841894489645, 2.1905157339331303, 3.142451785917596, 8.4397511476938, 4.586123716296443, 2.071842958408136, 4.8011877661049684, 3.0556076743037592, 6.879059157009337, 9.894825591929173, 7.433154323429193, 6.721814768082271, 6.542764837473884, 5.150991896233094, 12.430174601059507, 3.8013158620328324, 6.411194213440852, 6.875517713204987, 4.033691242245945, 8.844770196761036, 8.453506882164344, 2.987697128264854, 5.059408179526212, 15.199010874577027, 4.206737223338015, 0.9813826421448322, 5.498871533996685, 2.9253488672547165, 6.965501740561826, 12.112458602978467, 4.694565351540559, 0.9209608544152362, 9.757477831999118, 6.008516406056925, 6.354951030838644, 4.637444911814351, 1.3199058415801224, 4.691073992818265, 3.5768677412917027, 9.524068800541102, 3.799283519874247, 6.523971323574562, 2.4954039068527623, 10.797471140782974, 5.593060699117871, 4.084633507991882, 4.113961266133894, 1.5842885954948485, 5.390823957213682, 15.451684525927027, 3.5819305413032394, 8.87671043702562, 14.581522976924044, 1.0708723104525277, 1.4756168361440718, 9.071050898754644, 4.708735699336084, 8.273003569608083, 14.135559180976676, 9.613867224396014, 2.0813357761800146, 13.376933513844998, 2.746869408848076, 1.138361255818301, 12.46186361003012, 1.9656773992327736, 4.294761605235029, 8.095195497944838, 4.578384977142568, 4.7123885870046225, 15.64750969682395, 9.079180126538173, 3.733916427531465, 3.4463363082868494, 6.427384752193492, 4.852190182739072, 9.948594185934388, 2.5023521392187686, 6.962832253774603, 6.977118991468835, 4.540386418884133, 6.87106001450279, 8.46045540466114, 10.776408746432486, 5.061676185962766, 5.455062049113677, 9.879190729812521, 6.370664777139614, 7.7686084638557755, 5.030048298350299, 5.311425044784084, 1.4461108477116191, 8.386836526330299, 2.633014447920407, 7.32179384517783, 7.739874658971656, 9.562454855446957, 4.8750296486669376, 11.128844293381057, 10.33493176218246, 9.870406338244045, 8.778932714902108, 2.2957911628315912, 12.447732153338075, 9.54908989092066, 12.773037062647498, 9.264978417674754, 13.915484126311007, 1.915445368534599, 3.209812423052188, 4.554141674843808, 2.1861020941145637, 8.639405274955923, 1.8606957333994907, 3.443413411827391, 1.3032784675523799, 3.5745147020267156, 5.585889999291712, 9.174023316744867, 2.1052348691316904, 3.493324345317778, 4.57509002041997, 6.987697862744413, 4.567931604627665, 15.679670719295968, 2.9022242252158255, 9.42277394402212, 3.857221950908372, 4.418846955429337, 53.18127759749389, 11.079457219531287, 4.197342046757294, 6.7491124842257095, 4.197342046757294, 11.079457219531287, 53.18127759749389, 4.418846955429337, 3.857221950908372, 9.42277394402212, 2.9022242252158255, 15.679670719295968, 4.567931604627665, 6.987697862744413, 4.57509002041997, 3.493324345317778, 2.1052348691316904, 9.174023316744867, 5.585889999291712, 3.5745147020267156, 1.3032784675523799, 3.443413411827391, 1.8606957333994907, 8.639405274955923, 2.1861020941145637, 4.554141674843808, 3.209812423052188, 1.915445368534599, 13.915484126311007, 9.264978417674754, 12.773037062647498, 9.54908989092066, 12.447732153338075, 2.2957911628315912, 8.778932714902108, 9.870406338244045, 10.33493176218246, 11.128844293381057, 4.8750296486669376, 9.562454855446957, 7.739874658971656, 7.32179384517783, 2.633014447920407, 8.386836526330299, 1.4461108477116191, 5.311425044784084, 5.030048298350299, 7.7686084638557755, 6.370664777139614, 9.879190729812521, 5.455062049113677, 5.061676185962766, 10.776408746432486, 8.46045540466114, 6.87106001450279, 4.540386418884133, 6.977118991468835, 6.962832253774603, 2.5023521392187686, 9.948594185934388, 4.852190182739072, 6.427384752193492, 3.4463363082868494, 3.733916427531465, 9.079180126538173, 15.64750969682395, 4.7123885870046225, 4.578384977142568, 8.095195497944838, 4.294761605235029, 1.9656773992327736, 12.46186361003012, 1.138361255818301, 2.746869408848076, 13.376933513844998, 2.0813357761800146, 9.613867224396014, 14.135559180976676, 8.273003569608083, 4.708735699336084, 9.071050898754644, 1.4756168361440718, 1.0708723104525277, 14.581522976924044, 8.87671043702562, 3.5819305413032394, 15.451684525927027, 5.390823957213682, 1.5842885954948485, 4.113961266133894, 4.084633507991882, 5.593060699117871, 10.797471140782974, 2.4954039068527623, 6.523971323574562, 3.799283519874247, 9.524068800541102, 3.5768677412917027, 4.691073992818265, 1.3199058415801224, 4.637444911814351, 6.354951030838644, 6.008516406056925, 9.757477831999118, 0.9209608544152362, 4.694565351540559, 12.112458602978467, 6.965501740561826, 2.9253488672547165, 5.498871533996685, 0.9813826421448322, 4.206737223338015, 15.199010874577027, 5.059408179526212, 2.987697128264854, 8.453506882164344, 8.844770196761036, 4.033691242245945, 6.875517713204987, 6.411194213440852, 3.8013158620328324, 12.430174601059507, 5.150991896233094, 6.542764837473884, 6.721814768082271, 7.433154323429193, 9.894825591929173, 6.879059157009337, 3.0556076743037592, 4.8011877661049684, 2.071842958408136, 4.586123716296443, 8.4397511476938, 3.142451785917596, 2.1905157339331303, 8.268841894489645, 6.703078609763414, 2.1152084106954674, 7.730045880616913, 9.02769243588949, 5.819408529860631, 8.007853592652944, 7.302546285860488, 6.2285418415050815, 4.094375895052145, 11.003643077284611, 5.0610457838727445, 9.4733740374686, 6.44388079499075, 4.900341397605163, 7.160368779553418, 9.977955044901975, 2.2707900955412526, 14.674445063703851, 6.530760427437743, 6.8701209495747975, 2.076118673423415, 3.413618183356602, 3.255023558158059, 8.494086416334412, 5.126787553877404, 2.852144806552157, 6.562914512823844, 5.255090090952278, 9.346597936890252, 7.340130799158766, 7.393330581443709, 8.503616505168864, 8.544469697912861, 7.330289684298492, 8.925802901570794, 9.671821413403638, 8.657557001097405, 1.6851002419548355, 8.091599872677847, 13.731712933874142, 12.384026386203374, 3.456276475940198, 10.409287049093766, 3.6121528138963637, 11.482855317995185, 7.547894469107477, 8.44123724041311, 7.834392638100392, 6.704052193006219, 5.174149150309339, 9.995330026971002, 3.946079079444862, 4.407660949035923, 8.37637121155363, 14.208081498546385, 9.471258981009088, 13.26719798722763, 5.569017918692572, 11.67982437523218, 10.119339488063966, 10.06219292298286, 9.77918175259936, 6.623357891360121, 3.970108396269251, 5.65669100879252, 5.793958678320634, 10.452486608679349, 8.697014740740787, 6.647285515181596, 7.140336636030427, 3.5758677652413895, 2.115121701284365, 3.1434986449210727, 7.124704644382414, 14.670065231853963, 10.412007342285214, 6.508286116450353, 7.580326731739218, 6.448644882395465, 5.499783420914809, 7.836237968799573, 9.055839803187657, 21.23391598831575, 6.347567824383616, 2.1062252223145204, 13.060399936715509, 6.4557437841389955, 6.350042601946118, 16.367028161553222, 6.796290997285124, 4.852123555737505, 9.228307895658178, 3.616962733878904, 5.547272300709253, 4.811877278522555, 9.867648859597654, 4.039077707847798, 4.3591663514184384, 3.903769485849607, 3.1656587760151305, 2.0135302615221597, 6.034985058505761, 2.524058765362975, 3.999571565480281, 2.9364963575774583, 7.197174492957976, 7.00222079291838, 8.28075336412857, 8.90970370772024, 2.301790775012494, 4.19406130744028, 5.080117922959038, 7.508573108616881, 9.308281289235746, 8.777253193528454, 8.848018734403754, 8.376094901481094], "mode_profile": [-250, -249, -248, -247, -246, -245, -244, -243, -242, -241, -240, -239, -238, -237, -236, -235, -234, -233, -232, -231, -230, -229, -228, -227, -226, -225, -224, -223, -222, -221, -220, -219, -218, -217, -216, -215, -214, -213, -212, -211, -210, -209, -208, -207, -206, -205, -204, -203, -202, -201, -200, -199, -198, -197, -196, -195, -194, -193, -192, -191, -190, -189, -188, -187, -186, -185, -184, -183, -182, -181, -180, -179, -178, -177, -176, -175, -174, -173, -172, -171, -170, -169, -168, -167, -166, -165, -164, -163, -162, -161, -160, -159, -158, -157, -156, -155, -154, -153, -152, -151, -150, -149, -148, -147, -146, -145, -144, -143, -142, -141, -140, -139, -138, -137, -136, -135, -134, -133, -132, -131, -130, -129, -128, -127, -126, -125, -124, -123, -122, -121, -120, -119, -118, -117, -116, -115, -114, -113, -112, -111, -110, -109, -108, -107, -106, -105, -104, -103, -102, -101, -100, -99, -98, -97, -96, -95, -94, -93, -92, -91, -90, -89, -88, -87, -86, -85, -84, -83, -82, -81, -80, -79, -78, -77, -76, -75, -74, -73, -72, -71, -70, -69, -68, -67, -66, -65, -64, -63, -62, -61, -60, -59, -58, -57, -56, -55, -54, -53, -52, -51, -50, -49, -48, -47, -46, -45, -44, -43, -42, -41, -40, -39, -38, -37, -36, -35, -34, -33, -32, -31, -30, -29, -28, -27, -26, -25, -24, -23, -22, -21, -20, -19, -18, -17, -16, -15, -14, -13, -12, -11, -10, -9, -8, -7, -6, -5, -4, -3, -2, -1, 0, 1, 2, 3, 4, 5, 6, 7, 8, 9, 10, 11, 12, 13, 14, 15, 16, 17, 18, 19, 20, 21, 22, 23, 24, 25, 26, 27, 28, 29, 30, 31, 32, 33, 34, 35, 36, 37, 38, 39, 40, 41, 42, 43, 44, 45, 46, 47, 48, 49, 50, 51, 52, 53, 54, 55, 56, 57, 58, 59, 60, 61, 62, 63, 64, 65, 66, 67, 68, 69, 70, 71, 72, 73, 74, 75, 76, 77, 78, 79, 80, 81, 82, 83, 84, 85, 86, 87, 88, 89, 90, 91, 92, 93, 94, 95, 96, 97, 98, 99, 100, 101, 102, 103, 104, 105, 106, 107, 108, 109, 110, 111, 112, 113, 114, 115, 116, 117, 118, 119, 120, 121, 122, 123, 124, 125, 126, 127, 128, 129, 130, 131, 132, 133, 134, 135, 136, 137, 138, 139, 140, 141, 142, 143, 144, 145, 146, 147, 148, 149, 150, 151, 152, 153, 154, 155, 156, 157, 158, 159, 160, 161, 162, 163, 164, 165, 166, 167, 168, 169, 170, 171, 172, 173, 174, 175, 176, 177, 178, 179, 180, 181, 182, 183, 184, 185, 186, 187, 188, 189, 190, 191, 192, 193, 194, 195, 196, 197, 198, 199, 200, 201, 202, 203, 204, 205, 206, 207, 208, 209, 210, 211, 212, 213, 214, 215, 216, 217, 218, 219, 220, 221, 222, 223, 224, 225, 226, 227, 228, 229, 230, 231, 232, 233, 234, 235, 236, 237, 238, 239, 240, 241, 242, 243, 244, 245, 246, 247, 248, 249]}, {"label": "E2_phases_off_f64", "m": 12, "sigma": 2.0, "use_double": true, "x0": 0.0, "k0": 0, "nf": 500, "ndata": 100, "fast_math": true, "fast_grid": true, "l1": 66.89874303181936, "bound": 3.2543714286786796e-09, "max_abs_err": 11.18748156017324, "rms_err": 0.8264945010817116, "err_over_bound": 3437678152.4030013, "err_profile": [3.108624468950438e-14, 1.0493487157031801e-13, 5.498448546673346e-13, 1.474545509429948e-12, 3.7134225173830385e-13, 7.763944482040077e-14, 2.6010893013558776e-13, 3.595828648837595e-13, 4.3823932890875037e-13, 3.1955860034462216e-13, 1.3432946194348217e-13, 3.5617200494371766e-13, 2.0779294313527462e-13, 3.0556831090360333e-13, 4.916322787389914e-13, 2.899985901485195e-13, 1.263338190447495e-13, 3.1336819263161903e-14, 3.840987239266862e-13, 7.708068661264248e-14, 1.99213984536942e-13, 1.100215761883948e-13, 3.3489302914722306e-13, 2.2135653281802869e-13, 3.396439161699352e-13, 2.336770246716575e-13, 1.139086659085919e-13, 3.6595537727646627e-13, 4.2788081790063143e-13, 1.3903609776759738e-13, 1.0348422103683991e-13, 3.443917917960786e-13, 1.919216952844015e-13, 3.632986316714363e-13, 1.7288479064949268e-13, 3.732635193154302e-13, 1.0665632409057277e-13, 1.4477035791180403e-13, 4.529709940470639e-14, 1.8561986055024418e-13, 4.4846084506643646e-13, 2.5667684040151297e-13, 2.2177899173454027e-13, 1.788573083000218e-13, 3.845853581490111e-13, 2.608835126892982e-13, 4.589511051144534e-13, 1.1725048490523558e-13, 3.0661658626838583e-13, 3.3762464484162914e-13, 4.2314594742646936e-13, 2.808175215160522e-13, 2.9152993767539974e-13, 4.911393769577848e-13, 6.405411126512463e-13, 9.290072690524076e-14, 4.451329806519082e-13, 5.098523215529708e-14, 1.336465061870835e-13, 2.4220130439217533e-13, 3.323194065894481e-13, 7.132869039909588e-13, 6.863384011868161e-13, 3.618084657320266e-13, 3.5423429368994893e-13, 7.733820781441036e-13, 4.402477099551175e-13, 5.74130666560031e-13, 2.8852677946261445e-13, 2.9346360059944523e-13, 4.286248313237489e-13, 7.191002291917536e-13, 2.6716552285683895e-13, 4.857653942740623e-13, 5.544199010284568e-13, 1.1182222740954099e-12, 1.3360075326128675e-13, 2.5334890478016205e-13, 1.266559944219575e-13, 3.8161492071115227e-13, 1.107245054073499e-12, 8.178616590698584e-13, 5.413230701566761e-13, 5.187843991062791e-13, 2.4092490026978503e-13, 7.448003481649824e-13, 6.924672383410127e-13, 5.965864181265176e-13, 5.909911440701278e-13, 1.7416451856666544e-13, 3.434053879247503e-13, 5.869241665727675e-13, 6.007494554958058e-13, 7.098946250430797e-13, 3.090749288027947e-13, 1.491617584573195e-13, 5.750107856335541e-13, 9.472356222076092e-14, 3.5374214454167343e-13, 4.992329148367841e-13, 2.3199655566714605e-13, 2.2127599953240373e-13, 3.43817984764277e-14, 8.291800833078573e-13, 4.684063439606e-13, 2.820304828942584e-13, 3.579846614746159e-13, 1.5445005980312541e-13, 5.664387030693287e-13, 1.0382817122931746e-12, 3.587856064209794e-13, 3.746840036346007e-13, 7.996827242101263e-13, 9.187427650515838e-13, 2.006630989339504e-13, 2.830576688855181e-13, 3.993890576120166e-13, 6.11033711429532e-13, 1.5548815794492727e-12, 9.38094387459318e-13, 3.2595452215471385e-13, 6.48434119080208e-13, 5.420713346023096e-13, 9.604105540962043e-13, 1.4785372694628125e-12, 3.089368279175876e-13, 1.2214068033976583e-13, 3.2955895243778534e-13, 3.9550501257557524e-13, 1.2530231049078805e-12, 1.5922983812567157e-12, 5.675254890431173e-13, 5.927291806635936e-13, 4.709490170584484e-13, 2.194565808056509e-13, 6.80591824956982e-13, 6.328986806818173e-13, 3.686875485410839e-13, 7.947370670803896e-13, 1.0223624221379307e-12, 2.631171417019847e-13, 3.012303299788692e-13, 1.3774524852007509e-12, 7.54403170596438e-13, 1.010243535429508e-12, 1.1343489354351503e-12, 6.710833049492615e-13, 1.1853702693740395e-12, 1.9595201254970295e-12, 1.0018412970361515e-12, 1.8175741860145485e-12, 1.1166579691053107e-12, 5.344688016206943e-13, 5.445088795978051e-13, 4.960985341557753e-13, 1.4530890792562168e-13, 1.285817649769714e-12, 8.975223405731259e-13, 2.3284899942854173e-13, 3.955449018867703e-13, 1.6388058626770629e-12, 1.0978805025385301e-12, 1.1498617973953457e-12, 1.1076710194876772e-13, 9.635349254267653e-13, 1.0607802669510526e-12, 5.950039749535436e-13, 1.1924026010155404e-12, 1.086455425441794e-12, 6.984117176302601e-13, 4.600242293889719e-13, 2.050331747378045e-12, 1.8869159783553324e-12, 1.7188776773950164e-12, 1.7756739209664857e-12, 4.943223601789282e-14, 1.8110197289673064e-12, 2.5827525955833434e-12, 8.964110931570818e-13, 4.3447611736973774e-13, 1.823906907989519e-12, 1.7082056409279663e-12, 1.844219467192452e-12, 1.436845474233578e-12, 2.8589277636345744e-13, 4.4715003815197624e-13, 3.5553250738344645e-12, 1.2562501189690899e-12, 2.9251899722255417e-12, 2.302048980933365e-12, 2.7663873917065676e-12, 8.251954952212902e-13, 1.6187767464858014e-12, 2.8045951889825484e-12, 2.6502513310580873e-12, 2.680504601449154e-12, 3.4989410078298548e-12, 3.495935389032291e-12, 2.1364075405596732e-12, 5.246938671326197e-12, 4.092274719482889e-12, 3.133670008161961e-12, 4.553357981897938e-12, 1.3267390903182447e-12, 2.170145991355415e-12, 3.3575790210298313e-12, 5.3429150937998374e-12, 7.393610299985183e-12, 5.419606931249362e-12, 4.30168319162884e-12, 9.38942385811921e-13, 1.2053945948773834e-12, 3.5916028865055544e-13, 7.064466017505712e-12, 2.4943690800688686e-12, 2.121259411168557e-12, 4.987999962410115e-12, 3.441920189278674e-12, 6.898202301836301e-12, 3.007072819592097e-12, 5.876444060151102e-12, 6.386602669612966e-12, 3.0507587046506973e-12, 5.9277959452436185e-12, 1.8206139107456445e-12, 5.253431143556325e-12, 7.568721203637025e-12, 8.45407986568767e-12, 1.2402158641589169e-11, 7.310399964260949e-12, 1.4007486127608415e-11, 7.430140232741746e-12, 3.4003447102589007e-12, 2.3527255908897943e-12, 1.882352211075606e-11, 1.6149605238297272e-11, 1.703590161377156e-11, 1.2474902492549157e-11, 2.3436906199447617e-11, 2.2789461929001052e-11, 1.3750082999229002e-11, 4.183042108200937e-11, 1.7013693397660724e-11, 3.622540093749461e-11, 6.760992356979222e-11, 5.0876640999348126e-11, 4.664235902084222e-11, 4.1756816143155745e-11, 8.544004454098155e-11, 2.7171317322532955e-11, 1.22593061769161e-10, 6.899484317969502e-11, 6.039861742884844e-11, 1.3013923596633946e-10, 4.1996080288410236e-11, 1.5553793886949604e-10, 1.456576653454272e-10, 2.0525176195789647e-10, 2.902244818515371e-11, 2.948823062794831e-10, 3.0286369886698643e-10, 3.4861643196791645e-10, 2.6010956186539997e-10, 2.959876260915712e-10, 2.982940772310533e-10, 4.0028906355427636e-10, 5.143440577926433e-10, 6.49717784190189e-10, 6.122361224050578e-10, 1.1704937429323065e-09, 2.3028451309076223e-10, 1.0851852872496794e-09, 1.2031672662918634e-10, 4.4158411516498817e-10, 4.3651578177496574e-10, 1.3787263404559815e-09, 9.342098382250474e-10, 1.2980805881365187e-09, 1.9455946708946136e-09, 6.381722414517933e-10, 2.3083508868825033e-09, 2.4301499917268244e-09, 3.267363712398772e-09, 2.11006332681062e-09, 1.9493777861993628e-09, 2.1867945463450366e-09, 4.26781920632438e-09, 4.170369418520679e-09, 6.682037068387076e-09, 3.6239846746704967e-09, 4.705566375557166e-09, 5.333771404494366e-09, 6.6112229407525835e-09, 4.069796944681028e-09, 8.21441120328194e-09, 6.328252638962938e-09, 1.0476579177346931e-08, 1.008691736440585e-08, 1.0437990981183834e-08, 2.8493197483296144e-09, 1.1946410379611968e-08, 6.526753489506768e-09, 7.357726251559778e-09, 1.3561957331476532e-08, 1.7541664114673641e-09, 2.3791543916388316e-09, 2.2672138800768653e-08, 2.8832800621358353e-08, 4.923398952734926e-08, 2.4544746003766326e-08, 1.7825350562806977e-08, 1.4020960344495798e-08, 6.051463152556444e-08, 6.404954119048164e-08, 1.0884971472284055e-07, 8.321631539859434e-08, 7.742985206545882e-08, 3.474129742813164e-08, 1.1111512966066283e-07, 1.367926057336211e-07, 1.9902904260782186e-08, 1.233423674165932e-07, 1.9476672959154892e-07, 1.6096202047491983e-07, 1.980525689799102e-07, 1.8767869283989541e-07, 8.030332487915858e-08, 2.066635359984126e-07, 4.2629350723121003e-07, 1.4495732654352212e-08, 3.394726688962954e-07, 3.383745263681535e-08, 4.4564148387593016e-07, 4.719528551244421e-07, 5.701830964745088e-07, 7.131013114330615e-07, 3.5494511054038434e-07, 6.00618307391812e-07, 1.1526035292331426e-06, 5.295563223084498e-07, 9.58279305349706e-07, 1.1299289809095358e-06, 9.334031980675868e-07, 3.9919426546290893e-07, 8.989393875425153e-07, 1.3900842631133201e-06, 1.9548415668574486e-06, 2.277654771177001e-06, 6.287530104714888e-07, 2.0300710550747714e-06, 7.800008541924453e-07, 3.443289767288487e-06, 2.438292799372953e-06, 2.3596133589321693e-06, 5.66023538430477e-06, 5.758368069301681e-07, 4.650223786353155e-06, 2.074588092076198e-06, 4.646356893797296e-06, 6.09002803367932e-06, 1.4278128331902258e-06, 2.2367158228436276e-06, 8.43169393395864e-06, 7.86584816112353e-06, 9.413373057189103e-06, 4.737989148933745e-06, 1.4680315550364098e-05, 1.3564663228936454e-05, 1.2179599969754879e-05, 9.23023217431579e-06, 1.835599063198843e-05, 2.0244732107400176e-05, 2.251239720132819e-05, 2.8331200977189508e-05, 4.5808841162677604e-05, 2.865332636204745e-05, 2.1900730270286405e-05, 2.0305292155116413e-05, 2.554289606071406e-05, 4.906015403499376e-05, 5.134711703440222e-05, 7.065474292714429e-05, 2.863065003877474e-05, 2.7733888768542693e-05, 4.375847159628075e-05, 6.0316877327993074e-05, 0.00012196451511747892, 0.00013706313522822484, 4.658201941939577e-05, 0.00013018556632712655, 4.418661953850915e-05, 8.795614583686176e-05, 0.00016434486757088012, 0.00040181149546779653, 0.00012396675917343897, 0.0001527275804368025, 6.112496918214779e-05, 0.00018716932388651233, 0.00028481548991930115, 0.0004483955506382262, 0.00013731125154906612, 0.00011292560386940814, 0.0002330431805316959, 0.0003323284490565188, 0.00033638517645756164, 0.0007461665391710216, 0.0005974409348750824, 0.0008626530668040158, 0.0006959928339873414, 0.0004849108181702521, 0.00044109186172405844, 0.0008799450531865371, 0.0007219186996042423, 0.002112247171547738, 0.001314441746718192, 0.0004202126316354059, 0.0012909415057616258, 0.0016869939332471032, 0.001766135287522598, 0.0017912495108450357, 0.0001831486636179354, 0.0010231508806682874, 0.0028989362601197152, 0.00445144418089633, 0.00242244943413416, 0.0023374934402202834, 0.0043549221211079455, 0.004585808605495264, 0.005917544921364018, 0.006533885764008281, 0.004727926740670897, 0.003263263486655374, 0.004671888014780833, 0.010943568878802117, 0.006972743715737722, 0.0160506134355919, 0.005424107809866107, 0.010435543905558845, 0.00901177877528029, 0.008647356508153684, 0.002835385749044098, 0.02447668337580272, 0.005139093569063188, 0.021810398696233115, 0.01313173271240041, 0.026492410214252856, 0.023380798556333272, 0.035642705531417074, 0.02130044068699242, 0.027074491772642616, 0.05437404061524535, 0.04333444435741634, 0.025440050776406663, 0.11428517388476239, 0.035004810016958224, 0.05785404495668995, 0.13742383395950206, 0.12561273779406654, 0.02650138990017416, 0.18658568129802636, 0.07669814767899198, 0.05418887679935182, 0.1250203075621795, 0.14574132416721963, 0.1395924762542894, 0.2363526138300466, 0.38621082569552545, 0.4379160695001803, 0.2090336937536249, 0.09215972199468189, 0.31968435932705735, 0.4636352424668412, 0.31633169028893626, 0.4966906930989459, 0.6112130883007038, 0.6842019215566895, 0.9417442351148217, 0.3193981229474159, 0.4081985339418408, 0.5163164273011365, 0.4232458573206862, 1.0624899857062933, 1.6281098149587416, 0.41889830285549984, 1.5833716774069855, 1.9887642987401868, 1.980628472850252, 2.7411629036971816, 3.952329113825095, 0.3133024828440187, 3.687085878422083, 2.568646894783167, 3.0232430484757815, 6.300209984296433, 5.387120951429508, 3.0843574647551537, 5.680774159119009, 4.235863254555692, 4.161733318749938, 11.18748156017324], "absG_profile": [6.7491124842257095, 4.197342046757293, 11.079457219531283, 53.18127759749389, 4.418846955429334, 3.8572219509083707, 9.42277394402212, 2.9022242252158224, 15.679670719295983, 4.567931604627677, 6.987697862744433, 4.575090020419987, 3.4933243453177805, 2.105234869131659, 9.17402331674487, 5.585889999291702, 3.5745147020267076, 1.3032784675522993, 3.443413411827357, 1.8606957333994263, 8.639405274955907, 2.1861020941145703, 4.554141674843833, 3.209812423052241, 1.9154453685345991, 13.91548412631098, 9.26497841767478, 12.773037062647509, 9.549089890920627, 12.447732153338126, 2.2957911628316503, 8.778932714902151, 9.87040633824399, 10.33493176218252, 11.128844293381103, 4.875029648666916, 9.562454855447083, 7.7398746589716545, 7.321793845177798, 2.633014447920396, 8.38683652633035, 1.446110847711632, 5.3114250447841185, 5.030048298350215, 7.768608463855777, 6.370664777139647, 9.879190729812468, 5.455062049113787, 5.061676185962662, 10.776408746432418, 8.460455404661191, 6.871060014502669, 4.540386418884166, 6.977118991468877, 6.962832253774544, 2.502352139218776, 9.948594185934466, 4.852190182739059, 6.427384752193574, 3.4463363082870284, 3.7339164275314025, 9.079180126538198, 15.647509696823846, 4.712388587004469, 4.578384977142467, 8.09519549794491, 4.294761605235092, 1.9656773992327732, 12.461863610030106, 1.1383612558182457, 2.7468694088478123, 13.376933513844905, 2.0813357761800164, 9.613867224395957, 14.135559180976648, 8.273003569608163, 4.70873569933597, 9.071050898754729, 1.4756168361439554, 1.0708723104524889, 14.58152297692407, 8.876710437025698, 3.5819305413033224, 15.451684525927103, 5.390823957213657, 1.584288595494903, 4.1139612661341145, 4.08463350799198, 5.593060699117997, 10.797471140783083, 2.4954039068527623, 6.523971323574784, 3.7992835198744466, 9.524068800541349, 3.57686774129182, 4.6910739928187475, 1.3199058415802074, 4.637444911814414, 6.354951030838866, 6.008516406057016, 9.75747783199903, 0.9209608544154049, 4.694565351540411, 12.112458602978341, 6.965501740561786, 2.925348867254947, 5.498871533996799, 0.9813826421448839, 4.206737223337921, 15.199010874576986, 5.059408179526252, 2.9876971282647666, 8.45350688216412, 8.84477019676112, 4.033691242245901, 6.875517713205114, 6.411194213441063, 3.801315862033036, 12.430174601059697, 5.150991896233328, 6.542764837473794, 6.721814768082057, 7.433154323429014, 9.894825591929365, 6.8790591570093795, 3.0556076743039227, 4.801187766105028, 2.0718429584083795, 4.586123716296351, 8.439751147693814, 3.1424517859174714, 2.1905157339329553, 8.268841894489416, 6.703078609763379, 2.115208410695449, 7.730045880617157, 9.02769243588941, 5.819408529860695, 8.007853592652536, 7.302546285860353, 6.228541841504906, 4.0943758950521785, 11.003643077284554, 5.061045783872734, 9.473374037468064, 6.443880794991012, 4.900341397605131, 7.160368779553855, 9.977955044902183, 2.270790095541448, 14.674445063704011, 6.530760427437704, 6.870120949575092, 2.0761186734234633, 3.4136181833567614, 3.2550235581580593, 8.494086416334786, 5.126787553877233, 2.8521448065522685, 6.562914512823685, 5.255090090952459, 9.34659793689013, 7.340130799158845, 7.393330581443966, 8.503616505168617, 8.544469697912437, 7.330289684298709, 8.925802901570526, 9.671821413403773, 8.657557001097224, 1.6851002419547767, 8.091599872678115, 13.731712933874505, 12.384026386203567, 3.4562764759401645, 10.409287049093777, 3.612152813896449, 11.482855317995623, 7.547894469107713, 8.441237240413493, 7.8343926380998985, 6.704052193006569, 5.174149150309068, 9.995330026971242, 3.9460790794453864, 4.407660949035636, 8.376371211552785, 14.208081498546987, 9.471258981008647, 13.267197987227368, 5.569017918691724, 11.679824375232089, 10.11933948806356, 10.062192922983051, 9.779181752599483, 6.623357891360093, 3.970108396269471, 5.656691008792539, 5.793958678320638, 10.452486608679516, 8.697014740740435, 6.647285515181749, 7.140336636030236, 3.5758677652410347, 2.1151217012847456, 3.143498644921119, 7.124704644381814, 14.670065231854059, 10.412007342284747, 6.508286116450175, 7.580326731739699, 6.448644882395472, 5.499783420915046, 7.836237968799066, 9.055839803188405, 21.233915988315974, 6.347567824383244, 2.1062252223146616, 13.060399936715486, 6.4557437841390914, 6.350042601945893, 16.367028161553584, 6.796290997284201, 4.852123555737432, 9.228307895658165, 3.616962733878993, 5.547272300709263, 4.8118772785234425, 9.867648859597356, 4.039077707847917, 4.359166351419118, 3.903769485850004, 3.1656587760154196, 2.01353026152234, 6.034985058506338, 2.524058765362899, 3.999571565479943, 2.9364963575781773, 7.197174492958237, 7.002220792918464, 8.28075336412833, 8.90970370772031, 2.3017907750128663, 4.194061307440698, 5.080117922960052, 7.508573108617216, 9.308281289235204, 8.77725319352879, 8.84801873440416, 8.376094901481483, 12.39582360936126, 9.468508148319243, 8.312294866952092, 7.854010020059305, 12.020441641569874, 9.389653591773843, 9.356377351005971, 4.959258354895304, 8.073599187114512, 15.514424024230793, 6.667115473849015, 7.215417469526458, 3.825500078300163, 4.094793168553008, 4.467688718471824, 11.872673438412962, 10.107776549590145, 2.38445982854885, 2.7714780618027945, 4.472226927769305, 7.616553670568193, 5.233416471141781, 8.878347348625057, 7.429575957945737, 1.7803867580181072, 7.445060275325838, 9.870975930545605, 9.252696384184576, 5.416421195113954, 8.015025710161636, 4.0368966413888625, 14.951645376248381, 2.4298475110652404, 13.088023875901195, 0.6009773234454682, 5.807118205802416, 4.314865663758614, 10.039232337942678, 0.648420084071692, 7.615380851641016, 9.818714832228485, 1.9007248858875119, 9.635146749064656, 2.9537143513965187, 2.7409534741168784, 2.8374703911774533, 9.475055433809457, 2.017569703460594, 12.48351811884572, 3.3577564723391333, 5.57381732948768, 8.64625176890951, 7.0734508615879585, 6.721162345894762, 9.658996969979974, 9.70607219662681, 4.5809602017814885, 2.211004848154081, 9.779513883177692, 10.352213853529692, 9.706767520907917, 11.016776976721383, 8.293607575177656, 8.028247154705978, 7.9241399621912745, 4.449342394891026, 3.8570899018070923, 2.3287095504544464, 3.3477537961177766, 3.4813424977783467, 8.712766022845909, 5.395042742479023, 7.525004863278884, 12.107014467457773, 3.2942420314348575, 6.4455595819116835, 3.3642340712192933, 2.854676786592356, 13.719631908957405, 7.731541286786672, 0.3439910543280854, 8.55030689114097, 8.069018222339714, 9.427950845911594, 8.693030058917518, 9.752113932611913, 2.612155747802226, 2.1784494149724, 4.369986355085296, 1.9652277997743122, 7.245897868419116, 11.590366675803425, 6.855754688084384, 5.235458368383858, 8.309939675432574, 4.473722278773161, 12.023082983466931, 4.513323727155513, 6.060766079680787, 2.630992666333829, 4.259697736731708, 6.993011039670852, 3.4927951698257855, 2.0336864237587724, 3.234363474496252, 9.034489643240361, 8.28700937175377, 1.606086927311172, 7.935756596103009, 8.722447738777058, 4.024082565807345, 11.805577475072516, 7.382505927046785, 0.7526889625096244, 8.680972196415299, 5.264890190308399, 9.969644863873542, 13.214169442752887, 4.099596031406762, 11.136728713906162, 7.018076980824377, 3.5606970545316012, 4.480059838705773, 2.1490988414807806, 4.938950148268407, 6.423245985665722, 4.8579109065077555, 2.0903973831632308, 6.66407357107572, 11.19703620894205, 6.654416556695968, 6.31958573640506, 3.3453889146406444, 6.018237406206105, 7.1155663785452345, 6.7128718323980525, 5.591112524792763, 2.2464519989599623, 3.7288061252853404, 2.7888176258711526, 3.4270196141969733, 5.356361438222909, 7.438040117087656, 1.5960810377294854, 4.388872980662383, 0.2143424412062756, 5.447903189280286, 9.390903996939157, 13.389186463585359, 2.539000914441227, 3.6425360692306117, 1.219063364559461, 8.865272004075875, 6.719428746125597, 14.220203063483599, 4.503603169817822, 8.475725920126502, 2.79904363782122, 6.791567525048646, 8.681056394752567, 9.448035882828405, 4.66431229289931, 7.282205749455285, 8.04196519904996, 4.849472312788508, 3.914622675726858, 8.762119989079702, 2.465299655677, 11.484764401924675, 9.338564015613132, 3.583206150230834, 4.310092023994523, 5.594240478446735, 4.7275929618062, 7.996730456867218, 4.7673875325012105, 5.3741350720394285, 7.819690853020224, 10.54442910017029, 6.796788519055096, 11.274579255894643, 8.649947219236703, 4.436433562372541, 7.930681059732982, 4.5664741937332485, 7.4688712644166655, 13.275328767263131, 6.940818183865665, 2.8715029113262083, 3.747506033961647, 4.649422286540979, 1.8145371319948163, 11.332867032875653, 4.905767119168286, 6.661578896385758, 4.11723667062751, 3.6022453433848503, 9.52181801017793, 4.811952521406685, 13.743988210662364, 3.391706176564513, 4.318786763537473, 6.23152537352817, 9.143860811410324, 9.693154338781214, 0.4386825467542654, 7.2006453849632495, 2.5816020352919273, 6.774810060018615, 10.206428738707084, 5.258561749320855, 11.063374166921248, 6.777247102869478, 2.8416153000010365, 6.857745170842136, 5.058915475073388, 6.638729726278787, 7.509623639752557, 6.069343041102229, 8.086799138221297, 8.636351065165062, 14.281757855777785, 5.891383081647946, 3.138168270207861, 4.22504512920272, 5.56006150733661, 13.067829750859032, 10.894391970581895, 6.124894639837543, 4.339355029906479, 9.301855849811801, 14.537478082601304, 6.74850009250594, 3.704145157608574, 7.031875440306218, 6.05892260837239, 11.808786395604931, 12.060919181861218, 8.091271829150227, 6.354252285178837, 6.504600524782083, 2.907696339850223, 4.516807577432678, 1.680833860719912, 8.430929900387918, 9.48766014056504, 2.0878131783501055, 1.8157322553258448, 5.303233875321234, 12.115123848204291], "mode_profile": [0, 1, 2, 3, 4, 5, 6, 7, 8, 9, 10, 11, 12, 13, 14, 15, 16, 17, 18, 19, 20, 21, 22, 23, 24, 25, 26, 27, 28, 29, 30, 31, 32, 33, 34, 35, 36, 37, 38, 39, 40, 41, 42, 43, 44, 45, 46, 47, 48, 49, 50, 51, 52, 53, 54, 55, 56, 57, 58, 59, 60, 61, 62, 63, 64, 65, 66, 67, 68, 69, 70, 71, 72, 73, 74, 75, 76, 77, 78, 79, 80, 81, 82, 83, 84, 85, 86, 87, 88, 89, 90, 91, 92, 93, 94, 95, 96, 97, 98, 99, 100, 101, 102, 103, 104, 105, 106, 107, 108, 109, 110, 111, 112, 113, 114, 115, 116, 117, 118, 119, 120, 121, 122, 123, 124, 125, 126, 127, 128, 129, 130, 131, 132, 133, 134, 135, 136, 137, 138, 139, 140, 141, 142, 143, 144, 145, 146, 147, 148, 149, 150, 151, 152, 153, 154, 155, 156, 157, 158, 159, 160, 161, 162, 163, 164, 165, 166, 167, 168, 169, 170, 171, 172, 173, 174, 175, 176, 177, 178, 179, 180, 181, 182, 183, 184, 185, 186, 187, 188, 189, 190, 191, 192, 193, 194, 195, 196, 197, 198, 199, 200, 201, 202, 203, 204, 205, 206, 207, 208, 209, 210, 211, 212, 213, 214, 215, 216, 217, 218, 219, 220, 221, 222, 223, 224, 225, 226, 227, 228, 229, 230, 231, 232, 233, 234, 235, 236, 237, 238, 239, 240, 241, 242, 243, 244, 245, 246, 247, 248, 249, 250, 251, 252, 253, 254, 255, 256, 257, 258, 259, 260, 261, 262, 263, 264, 265, 266, 267, 268, 269, 270, 271, 272, 273, 274, 275, 276, 277, 278, 279, 280, 281, 282, 283, 284, 285, 286, 287, 288, 289, 290, 291, 292, 293, 294, 295, 296, 297, 298, 299, 300, 301, 302, 303, 304, 305, 306, 307, 308, 309, 310, 311, 312, 313, 314, 315, 316, 317, 318, 319, 320, 321, 322, 323, 324, 325, 326, 327, 328, 329, 330, 331, 332, 333, 334, 335, 336, 337, 338, 339, 340, 341, 342, 343, 344, 345, 346, 347, 348, 349, 350, 351, 352, 353, 354, 355, 356, 357, 358, 359, 360, 361, 362, 363, 364, 365, 366, 367, 368, 369, 370, 371, 372, 373, 374, 375, 376, 377, 378, 379, 380, 381, 382, 383, 384, 385, 386, 387, 388, 389, 390, 391, 392, 393, 394, 395, 396, 397, 398, 399, 400, 401, 402, 403, 404, 405, 406, 407, 408, 409, 410, 411, 412, 413, 414, 415, 416, 417, 418, 419, 420, 421, 422, 423, 424, 425, 426, 427, 428, 429, 430, 431, 432, 433, 434, 435, 436, 437, 438, 439, 440, 441, 442, 443, 444, 445, 446, 447, 448, 449, 450, 451, 452, 453, 454, 455, 456, 457, 458, 459, 460, 461, 462, 463, 464, 465, 466, 467, 468, 469, 470, 471, 472, 473, 474, 475, 476, 477, 478, 479, 480, 481, 482, 483, 484, 485, 486, 487, 488, 489, 490, 491, 492, 493, 494, 495, 496, 497, 498, 499]}, {"label": "F_slowgrid_f64", "m": 12, "sigma": 2.0, "use_double": true, "x0": -0.5, "k0": -250, "nf": 500, "ndata": 100, "fast_math": true, "fast_grid": false, "l1": 66.89874303181936, "bound": 3.2543714286786796e-09, "max_abs_err": 1.28642550557009e-10, "rms_err": 1.1698564862421334e-11, "err_over_bound": 0.03952915436245692}, {"label": "G_nfscale_f64", "m": 12, "sigma": 2.0, "use_double": true, "x0": -0.5, "k0": -100, "nf": 200, "ndata": 100, "fast_math": true, "fast_grid": true, "l1": 66.89874303181936, "bound": 3.2543714286786796e-09, "max_abs_err": 7.94659267020372e-11, "rms_err": 1.3041942309562976e-11, "err_over_bound": 0.024418210534223342}, {"label": "G_nfscale_f64", "m": 12, "sigma": 2.0, "use_double": true, "x0": -0.5, "k0": -250, "nf": 500, "ndata": 100, "fast_math": true, "fast_grid": true, "l1": 66.89874303181936, "bound": 3.2543714286786796e-09, "max_abs_err": 1.1898899068876959e-10, "rms_err": 1.153635444635135e-11, "err_over_bound": 0.036562818134462535}, {"label": "G_nfscale_f64", "m": 12, "sigma": 2.0, "use_double": true, "x0": -0.5, "k0": -500, "nf": 1000, "ndata": 100, "fast_math": true, "fast_grid": true, "l1": 66.89874303181936, "bound": 3.2543714286786796e-09, "max_abs_err": 1.57968331714688e-10, "rms_err": 1.3979233292872976e-11, "err_over_bound": 0.04854035108673055}, {"label": "G_nfscale_f64", "m": 12, "sigma": 2.0, "use_double": true, "x0": -0.5, "k0": -1000, "nf": 2000, "ndata": 100, "fast_math": true, "fast_grid": true, "l1": 66.89874303181936, "bound": 3.2543714286786796e-09, "max_abs_err": 1.7166673411623116e-10, "rms_err": 1.6030512170357582e-11, "err_over_bound": 0.052749582485712224}]}
