A_msweep_f64                 m= 2 sig=2 dbl=1 fm=1 fg=1 nf=  500 x0=-0.5 k0= -250  max_err=2.110e-01  bound=4.058e+00  ratio=5.20e-02
A_msweep_f64                 m= 4 sig=2 dbl=1 fm=1 fg=1 nf=  500 x0=-0.5 k0= -250  max_err=2.101e-03  bound=6.154e-02  ratio=3.41e-02
A_msweep_f64                 m= 6 sig=2 dbl=1 fm=1 fg=1 nf=  500 x0=-0.5 k0= -250  max_err=1.042e-03  bound=9.332e-04  ratio=1.12e+00
A_msweep_f64                 m= 8 sig=2 dbl=1 fm=1 fg=1 nf=  500 x0=-0.5 k0= -250  max_err=1.516e-03  bound=1.415e-05  ratio=1.07e+02
A_msweep_f64                 m=10 sig=2 dbl=1 fm=1 fg=1 nf=  500 x0=-0.5 k0= -250  max_err=2.240e-03  bound=2.146e-07  ratio=1.04e+04
A_msweep_f64                 m=12 sig=2 dbl=1 fm=1 fg=1 nf=  500 x0=-0.5 k0= -250  max_err=3.371e-03  bound=3.254e-09  ratio=1.04e+06
A_msweep_f64                 m=14 sig=2 dbl=1 fm=1 fg=1 nf=  500 x0=-0.5 k0= -250  max_err=5.152e-03  bound=4.935e-11  ratio=1.04e+08
A_msweep_f64                 m=16 sig=2 dbl=1 fm=1 fg=1 nf=  500 x0=-0.5 k0= -250  max_err=7.977e-03  bound=7.484e-13  ratio=1.07e+10
B_msweep_f32                 m= 2 sig=2 dbl=0 fm=1 fg=1 nf=  500 x0=-0.5 k0= -250  max_err=2.112e-01  bound=4.058e+00  ratio=5.20e-02
B_msweep_f32                 m= 4 sig=2 dbl=0 fm=1 fg=1 nf=  500 x0=-0.5 k0= -250  max_err=2.716e-03  bound=6.154e-02  ratio=4.41e-02
B_msweep_f32                 m= 6 sig=2 dbl=0 fm=1 fg=1 nf=  500 x0=-0.5 k0= -250  max_err=2.010e-03  bound=9.332e-04  ratio=2.15e+00
B_msweep_f32                 m= 8 sig=2 dbl=0 fm=1 fg=1 nf=  500 x0=-0.5 k0= -250  max_err=2.382e-03  bound=1.415e-05  ratio=1.68e+02
B_msweep_f32                 m=10 sig=2 dbl=0 fm=1 fg=1 nf=  500 x0=-0.5 k0= -250  max_err=3.420e-03  bound=2.146e-07  ratio=1.59e+04
B_msweep_f32                 m=12 sig=2 dbl=0 fm=1 fg=1 nf=  500 x0=-0.5 k0= -250  max_err=5.035e-03  bound=3.254e-09  ratio=1.55e+06
B_msweep_f32                 m=14 sig=2 dbl=0 fm=1 fg=1 nf=  500 x0=-0.5 k0= -250  max_err=7.797e-03  bound=4.935e-11  ratio=1.58e+08
B_msweep_f32                 m=16 sig=2 dbl=0 fm=1 fg=1 nf=  500 x0=-0.5 k0= -250  max_err=1.467e-02  bound=7.484e-13  ratio=1.96e+10
C_sigsweep_f64               m=12 sig=2 dbl=1 fm=1 fg=1 nf=  500 x0=-0.5 k0= -250  max_err=3.371e-03  bound=3.254e-09  ratio=1.04e+06
C_sigsweep_f64               m=12 sig=3 dbl=1 fm=1 fg=1 nf=  500 x0=-0.5 k0= -250  max_err=9.834e-04  bound=2.135e-11  ratio=4.61e+07
C_sigsweep_f64               m=12 sig=4 dbl=1 fm=1 fg=1 nf=  500 x0=-0.5 k0= -250  max_err=9.636e-04  bound=2.477e-12  ratio=3.89e+08
C_sigsweep_f64               m=12 sig=5 dbl=1 fm=1 fg=1 nf=  500 x0=-0.5 k0= -250  max_err=1.030e-03  bound=7.484e-13  ratio=1.38e+09
D_nofastmath_f64             m=12 sig=2 dbl=1 fm=0 fg=1 nf=  500 x0=-0.5 k0= -250  max_err=3.371e-03  bound=3.254e-09  ratio=1.04e+06
D_nofastmath_f32             m=12 sig=2 dbl=0 fm=0 fg=1 nf=  500 x0=-0.5 k0= -250  max_err=5.092e-03  bound=3.254e-09  ratio=1.56e+06
E1_phases_on_f64             m=12 sig=2 dbl=1 fm=1 fg=1 nf=  500 x0=-0.5 k0= -250  max_err=3.371e-03  bound=3.254e-09  ratio=1.04e+06
E2_phases_off_f64            m=12 sig=2 dbl=1 fm=1 fg=1 nf=  500 x0=+0.0 k0=   +0  max_err=1.119e+01  bound=3.254e-09  ratio=3.44e+09
F_slowgrid_f64               m=12 sig=2 dbl=1 fm=1 fg=0 nf=  500 x0=-0.5 k0= -250  max_err=3.372e-03  bound=3.254e-09  ratio=1.04e+06
G_nfscale_f64                m=12 sig=2 dbl=1 fm=1 fg=1 nf=  200 x0=-0.5 k0= -100  max_err=1.080e-03  bound=3.254e-09  ratio=3.32e+05
G_nfscale_f64                m=12 sig=2 dbl=1 fm=1 fg=1 nf=  500 x0=-0.5 k0= -250  max_err=3.371e-03  bound=3.254e-09  ratio=1.04e+06
G_nfscale_f64                m=12 sig=2 dbl=1 fm=1 fg=1 nf= 1000 x0=-0.5 k0= -500  max_err=3.314e-03  bound=3.254e-09  ratio=1.02e+06
G_nfscale_f64                m=12 sig=2 dbl=1 fm=1 fg=1 nf= 2000 x0=-0.5 k0=-1000  max_err=6.197e-03  bound=3.254e-09  ratio=1.90e+06
JSON_RESULT: {"cases": [{"label": "A_msweep_f64", "m": 2, "sigma": 2.0, "use_double": true, "x0": -0.5, "k0": -250, "nf": 500, "ndata": 100, "fast_math": true, "fast_grid": true, "l1": 66.89874303181936, "bound": 4.057976029974096, "max_abs_err": 0.21095434254537018, "rms_err": 0.040650572241051605, "err_over_bound": 0.05198511301869785}, {"label": "A_msweep_f64", "m": 4, "sigma": 2.0, "use_double": true, "x0": -0.5, "k0": -250, "nf": 500, "ndata": 100, "fast_math": true, "fast_grid": true, "l1": 66.89874303181936, "bound": 0.06153766391399897, "max_abs_err": 0.0021014756805760085, "rms_err": 0.0004536181329656825, "err_over_bound": 0.034149422433599266}, {"label": "A_msweep_f64", "m": 6, "sigma": 2.0, "use_double": true, "x0": -0.5, "k0": -250, "nf": 500, "ndata": 100, "fast_math": true, "fast_grid": true, "l1": 66.89874303181936, "bound": 0.0009331952806080191, "max_abs_err": 0.0010415457832766088, "rms_err": 0.00029159204152707835, "err_over_bound": 1.1161069980958267}, {"label": "A_msweep_f64", "m": 8, "sigma": 2.0, "use_double": true, "x0": -0.5, "k0": -250, "nf": 500, "ndata": 100, "fast_math": true, "fast_grid": true, "l1": 66.89874303181936, "bound": 1.4151551689809471e-05, "max_abs_err": 0.001516430049382463, "rms_err": 0.00033846026431179056, "err_over_bound": 107.15645058728393}, {"label": "A_msweep_f64", "m": 10, "sigma": 2.0, "use_double": true, "x0": -0.5, "k0": -250, "nf": 500, "ndata": 100, "fast_math": true, "fast_grid": true, "l1": 66.89874303181936, "bound": 2.146029018694418e-07, "max_abs_err": 0.0022404354644895794, "rms_err": 0.0004188386239871625, "err_over_bound": 10439.91225175788}, {"label": "A_msweep_f64", "m": 12, "sigma": 2.0, "use_double": true, "x0": -0.5, "k0": -250, "nf": 500, "ndata": 100, "fast_math": true, "fast_grid": true, "l1": 66.89874303181936, "bound": 3.2543714286786796e-09, "max_abs_err": 0.003370659582065271, "rms_err": 0.0005531727709694658, "err_over_bound": 1035732.90754762}, {"label": "A_msweep_f64", "m": 14, "sigma": 2.0, "use_double": true, "x0": -0.5, "k0": -250, "nf": 500, "ndata": 100, "fast_math": true, "fast_grid": true, "l1": 66.89874303181936, "bound": 4.9351305613953574e-11, "max_abs_err": 0.005151758362681785, "rms_err": 0.0007726475513531551, "err_over_bound": 104389504.97036451}, {"label": "A_msweep_f64", "m": 16, "sigma": 2.0, "use_double": true, "x0": -0.5, "k0": -250, "nf": 500, "ndata": 100, "fast_math": true, "fast_grid": true, "l1": 66.89874303181936, "bound": 7.483937894546674e-13, "max_abs_err": 0.007976863445206053, "rms_err": 0.0011254208830073838, "err_over_bound": 10658644630.146597}, {"label": "B_msweep_f32", "m": 2, "sigma": 2.0, "use_double": false, "x0": -0.5, "k0": -250, "nf": 500, "ndata": 100, "fast_math": true, "fast_grid": true, "l1": 66.89874303181936, "bound": 4.057976029974096, "max_abs_err": 0.21120735598162485, "rms_err": 0.04063667058412282, "err_over_bound": 0.05204746268128476}, {"label": "B_msweep_f32", "m": 4, "sigma": 2.0, "use_double": false, "x0": -0.5, "k0": -250, "nf": 500, "ndata": 100, "fast_math": true, "fast_grid": true, "l1": 66.89874303181936, "bound": 0.06153766391399897, "max_abs_err": 0.002715503170668111, "rms_err": 0.0005869110449345326, "err_over_bound": 0.044127498477405984}, {"label": "B_msweep_f32", "m": 6, "sigma": 2.0, "use_double": false, "x0": -0.5, "k0": -250, "nf": 500, "ndata": 100, "fast_math": true, "fast_grid": true, "l1": 66.89874303181936, "bound": 0.0009331952806080191, "max_abs_err": 0.002009529298597104, "rms_err": 0.0005216244806950256, "err_over_bound": 2.1533856207328914}, {"label": "B_msweep_f32", "m": 8, "sigma": 2.0, "use_double": false, "x0": -0.5, "k0": -250, "nf": 500, "ndata": 100, "fast_math": true, "fast_grid": true, "l1": 66.89874303181936, "bound": 1.4151551689809471e-05, "max_abs_err": 0.0023819027210821137, "rms_err": 0.0006532017687605654, "err_over_bound": 168.31389046879724}, {"label": "B_msweep_f32", "m": 10, "sigma": 2.0, "use_double": false, "x0": -0.5, "k0": -250, "nf": 500, "ndata": 100, "fast_math": true, "fast_grid": true, "l1": 66.89874303181936, "bound": 2.146029018694418e-07, "max_abs_err": 0.003420138330889157, "rms_err": 0.0008725384614239676, "err_over_bound": 15937.055375746364}, {"label": "B_msweep_f32", "m": 12, "sigma": 2.0, "use_double": false, "x0": -0.5, "k0": -250, "nf": 500, "ndata": 100, "fast_math": true, "fast_grid": true, "l1": 66.89874303181936, "bound": 3.2543714286786796e-09, "max_abs_err": 0.0050345068875331375, "rms_err": 0.0012294692244690319, "err_over_bound": 1546998.2446279088}, {"label": "B_msweep_f32", "m": 14, "sigma": 2.0, "use_double": false, "x0": -0.5, "k0": -250, "nf": 500, "ndata": 100, "fast_math": true, "fast_grid": true, "l1": 66.89874303181936, "bound": 4.9351305613953574e-11, "max_abs_err": 0.007797032995000564, "rms_err": 0.0017959329992551713, "err_over_bound": 157990409.7369216}, {"label": "B_msweep_f32", "m": 16, "sigma": 2.0, "use_double": false, "x0": -0.5, "k0": -250, "nf": 500, "ndata": 100, "fast_math": true, "fast_grid": true, "l1": 66.89874303181936, "bound": 7.483937894546674e-13, "max_abs_err": 0.014669477835629155, "rms_err": 0.002806254373680917, "err_over_bound": 19601282162.320415}, {"label": "C_sigsweep_f64", "m": 12, "sigma": 2.0, "use_double": true, "x0": -0.5, "k0": -250, "nf": 500, "ndata": 100, "fast_math": true, "fast_grid": true, "l1": 66.89874303181936, "bound": 3.2543714286786796e-09, "max_abs_err": 0.003370659582065271, "rms_err": 0.0005531727709694539, "err_over_bound": 1035732.90754762}, {"label": "C_sigsweep_f64", "m": 12, "sigma": 3.0, "use_double": true, "x0": -0.5, "k0": -250, "nf": 500, "ndata": 100, "fast_math": true, "fast_grid": true, "l1": 66.89874303181936, "bound": 2.1353297572277232e-11, "max_abs_err": 0.0009833525801740091, "rms_err": 0.00027930980951965085, "err_over_bound": 46051556.05805287}, {"label": "C_sigsweep_f64", "m": 12, "sigma": 4.0, "use_double": true, "x0": -0.5, "k0": -250, "nf": 500, "ndata": 100, "fast_math": true, "fast_grid": true, "l1": 66.89874303181936, "bound": 2.476809446303394e-12, "max_abs_err": 0.0009636347351991313, "rms_err": 0.00025292203162394146, "err_over_bound": 389062927.9686185}, {"label": "C_sigsweep_f64", "m": 12, "sigma": 5.0, "use_double": true, "x0": -0.5, "k0": -250, "nf": 500, "ndata": 100, "fast_math": true, "fast_grid": true, "l1": 66.89874303181936, "bound": 7.483937894546727e-13, "max_abs_err": 0.0010300012559979355, "rms_err": 0.00025701936472647275, "err_over_bound": 1376282473.894472}, {"label": "D_nofastmath_f64", "m": 12, "sigma": 2.0, "use_double": true, "x0": -0.5, "k0": -250, "nf": 500, "ndata": 100, "fast_math": false, "fast_grid": true, "l1": 66.89874303181936, "bound": 3.2543714286786796e-09, "max_abs_err": 0.003370659582065271, "rms_err": 0.0005531727709694658, "err_over_bound": 1035732.90754762}, {"label": "D_nofastmath_f32", "m": 12, "sigma": 2.0, "use_double": false, "x0": -0.5, "k0": -250, "nf": 500, "ndata": 100, "fast_math": false, "fast_grid": true, "l1": 66.89874303181936, "bound": 3.2543714286786796e-09, "max_abs_err": 0.005091680335288314, "rms_err": 0.0007423475891863116, "err_over_bound": 1564566.4445117156}, {"label": "E1_phases_on_f64", "m": 12, "sigma": 2.0, "use_double": true, "x0": -0.5, "k0": -250, "nf": 500, "ndata": 100, "fast_math": true, "fast_grid": true, "l1": 66.89874303181936, "bound": 3.2543714286786796e-09, "max_abs_err": 0.003370659582065271, "rms_err": 0.0005531727709694539, "err_over_bound": 1035732.90754762, "err_profile": [0.0017375214310747635, 0.002111116131591518, 0.0006857710406529485, 0.0008753198251768916, 0.000960180148099133, 0.0008785168028560967, 0.003370659582065271, 0.0008138150234458683, 0.0013028987791830194, 0.001989493615932377, 0.0008764529923962207, 0.0007156657200346071, 0.001981298874924348, 0.00044229128443093755, 0.001627492821474306, 0.00013896445710520836, 0.0005726934496991044, 0.001407256819115141, 0.001260184085043658, 0.0008546595104414401, 0.0011768203343102506, 0.000769059146244854, 0.00030133092643275553, 0.0008390751417288314, 0.0015013507310731825, 0.00018151680102414922, 0.0004953275667813232, 0.0006233571587461493, 0.0006181383739008737, 0.0019470006572415517, 0.0006379854317987739, 0.0007664654508696808, 0.0002530388178190927, 0.0003532387452132344, 0.0008911737537029488, 0.001213718382226714, 0.0001133887014883213, 0.0008052330237623165, 0.00029707834289854034, 0.0003391786143433258, 0.0011198163877380665, 0.00010920562494649322, 0.0003912429618847825, 0.0006835079660429691, 0.0005286068472070292, 0.0001483036488559574, 0.0005569508116344705, 0.00031397253033993607, 0.0003135581711229542, 0.00011743278275679296, 0.0006650026975153982, 0.0001953426544942509, 0.00040422323581763657, 0.0003280853415878221, 0.0006817687433812504, 0.0004650378383972407, 0.0006899841640104396, 0.0005749963765881449, 0.0001907284247076793, 0.0004225860151892706, 0.00019830507057161688, 0.00040741674679273146, 0.00017242173633112866, 0.0003192911476673296, 0.0004179357617331786, 0.00044093406672123957, 0.0006804246589209758, 0.0006898521726990587, 0.0005127573306798719, 0.00010450732488777481, 0.00018509085178497554, 0.0004943779589511455, 0.0005851191439949805, 0.00046471804115138637, 0.000514917647163479, 0.00025825904745797727, 0.0005718293412388152, 0.000841333548513961, 0.00030717125117847496, 0.0004984716553299427, 0.00040399943151406135, 0.00029118624578841363, 0.0003376528637790931, 0.00026664837393353623, 9.413255440365458e-05, 0.0002594601627736011, 0.0001892929858845549, 0.0003640238496261154, 0.00030007613358602915, 0.0003111180026155299, 0.00044608572106220575, 8.351287574004711e-05, 0.00014681874515538607, 0.0002844649949995743, 0.0002866076128506117, 0.0003530084302454638, 0.00027945823176020365, 0.00038128499848995203, 0.00025979546736214606, 0.0005922973367471044, 0.00033938538819892634, 0.0002601164391587848, 0.0003612119969234965, 0.00035600563577976694, 9.528714202932764e-05, 0.00010758223611979848, 0.0001626091767067604, 0.0002797982119027715, 8.545928616819141e-05, 0.0003001182195196217, 0.00023890589195338081, 0.00017558989957780502, 0.0004090706498828188, 0.0003656430016812151, 0.000505295897360775, 0.0002964034720200625, 0.00023804936906032388, 0.0004957880015934209, 0.00016989792292242402, 0.00014587765399684213, 0.00015890716845831423, 0.00019916792472801417, 9.923308266626655e-05, 0.00038453200042405775, 0.0002491420592272273, 0.0002412992101350712, 0.0004125437173801192, 0.0002712729719334293, 0.00028433043838828337, 0.000282986687779617, 0.0001700640549272231, 1.4893986620751765e-05, 0.0003268952762213439, 1.7865200529559692e-05, 0.0002692215902031465, 0.00027502827056738, 0.0002503640171498581, 0.00019832371126585161, 0.00022692544640816263, 0.000269804387537976, 0.000387314797899787, 5.858506615477336e-05, 3.543845293782666e-05, 0.00012085595110584222, 0.00011552757740824265, 0.00026086939971510563, 0.0002414962492596829, 4.083057317506066e-05, 0.00010204568527261708, 0.00021401413890043282, 9.28135579607508e-05, 7.070857922139066e-05, 5.775041745770128e-05, 0.00022243126364512397, 0.0002577758532857107, 0.00017552868341825996, 0.0001859236242077187, 0.00014323970001887276, 0.00014063127408953482, 0.00015611780374582453, 0.00016078874306385413, 0.00020523297276162607, 6.876231674297792e-05, 6.0943058314212375e-05, 0.0001269879466267132, 0.00022046111477076524, 9.7008490113996e-05, 0.00035564103087930564, 0.00021465208773007995, 0.00011771720701900426, 0.0003294717152230558, 0.00026823515428274367, 6.591929826959097e-05, 0.00026402509474073173, 0.00022786149059057887, 5.2383151866526505e-05, 0.00030875282845432194, 4.877845465081487e-05, 7.824065616914671e-05, 0.0001849426995875849, 0.00031763778051064413, 4.0333777663544524e-05, 0.00024093348127497008, 6.0498654234288945e-05, 0.0001036842360316268, 0.00016973742793637643, 6.449310336058196e-05, 0.00026166765038223883, 0.0001514050552211483, 0.00012610854809605183, 0.00021476963816570202, 0.000147040738812307, 5.8300212798558554e-05, 0.00022203350434503777, 0.00029452851488262065, 7.062150376795037e-05, 5.538153145481704e-05, 0.00024754482443587427, 0.00014192468483913235, 8.754034355444332e-05, 0.00012418757160581923, 0.00023673583996902512, 0.00017953143479543934, 0.00030117429717100186, 0.00024651892047110563, 0.0003028730474965223, 0.00027770139885526223, 0.00013955672260319545, 0.00011794302851687155, 0.00020332336241150946, 0.0001673740560724369, 0.000276687001838391, 0.0001697423019380739, 0.00016101703618385234, 0.00022235519619945307, 0.00016138493173557575, 0.0001237376964492319, 0.00039479114270930593, 0.00021224673017832072, 0.0001333741664863547, 0.00021017542252515137, 0.0002684424773470444, 0.00020368735869073388, 0.00020484318242794435, 0.00036071387154606706, 0.0002715747621241966, 0.00011207958020864852, 5.60507571433915e-05, 0.00019138072619700547, 7.469155563267088e-05, 0.0002127786177424572, 8.834794846697704e-05, 0.00012065814902082458, 0.00010746407887607024, 0.00010288523609887275, 0.00012803276102404422, 0.00010475681633710911, 4.073840540386692e-05, 9.708630940993902e-05, 0.00029492653802295327, 0.0002912962536583045, 0.00014873592896698265, 0.0003043834300786134, 0.0001558051877314812, 0.0003972221360390071, 0.00016949537435072883, 0.000228003547065752, 0.001015584015262894, 0.00019066625748323756, 0.00011471062884247706, 0.0001588862525787682, 0.0001151095695661733, 0.0001919382784998515, 0.0010435366744212823, 0.00022498278152081194, 0.00017174028126668258, 0.00040687887902516006, 0.00015225566732601046, 0.0003157586995088703, 0.00014413683625943527, 0.0003033920190784673, 0.0003028890450607139, 9.942986575771033e-05, 3.648711675139388e-05, 0.00012693493118953682, 0.0001398618325262518, 0.00011228074528080913, 0.00010899700536812822, 0.0001302921180601764, 8.934992800197302e-05, 0.00022680757284084958, 6.920717351053289e-05, 0.00020698348141667616, 6.074489450792993e-05, 0.00010590479630537596, 0.00033089760452071194, 0.0003885970822811684, 0.00026555798218267767, 0.0002476017919889127, 0.00032631620121976486, 0.00021731983774054344, 0.00011453775452461857, 0.00023861937970182228, 0.0004543755435208274, 8.914446707623729e-05, 0.00013640926273057172, 0.0002809503607644286, 0.00021042084904598928, 0.0002111060853041385, 0.0002700304280811415, 0.00011325727450226114, 0.0002137330782401719, 0.00015525401248476554, 0.00016053312470714782, 0.0003329586035604354, 0.0003004845295515717, 0.0002837346525438844, 0.00034394365365248976, 0.0001568837414563234, 0.0003263098410493401, 0.00019740710934444195, 0.00014853047171155137, 0.00016546772365232885, 0.0003030801366918099, 8.119946475078735e-05, 9.278776419407069e-05, 0.0003540681799215933, 0.0002024582326687235, 6.27163493088751e-05, 0.00018007658862560915, 0.00020725785338305197, 0.00020607693877540032, 0.0002685558521101398, 0.0002626151910573646, 7.586495014218424e-05, 0.0002014408644330903, 0.00013992907960366395, 8.457555501666965e-05, 0.00020668403157251693, 5.309806843374607e-05, 0.00029040620433300044, 0.00032274774571295706, 7.242612069926735e-05, 0.00017165862040754255, 0.00040261826915509165, 0.00014948623393573482, 0.0001994014546054281, 0.0003707207117577834, 4.636809783515293e-05, 0.0002598725969106092, 0.0005306246239782454, 0.00023217894976305486, 0.0002646244579304747, 0.000569642869834162, 0.0001300284145798577, 0.00020550631610065652, 0.00017876326596226913, 0.00010774760701870492, 8.44688977071947e-05, 0.00036574488856747805, 0.00014225587055718633, 6.789557935448045e-05, 0.00016985409430132537, 0.0002763401154769629, 0.0002426089608596094, 0.00025228327146121376, 0.00023851245561185854, 0.0002950173065668941, 0.00016649494293295055, 6.347155849044531e-05, 0.000212447087091004, 0.00022553112740656257, 0.0001830787453617198, 0.00022531497556655162, 0.0003661663697288209, 0.0003072136796538599, 0.00014387838832851516, 0.00012145941952931235, 0.00011243084620312128, 0.0003440977788074862, 0.00046965458556937154, 0.00029142073157801965, 0.0003907779486885296, 0.00036042952989031094, 0.00025594409998902674, 0.000351759856346327, 0.00038796997593985844, 9.189803003544008e-05, 0.0005468380166044202, 0.0001010980711512958, 0.00016852620354711014, 0.0003790935012720773, 0.00044025309477152384, 0.00040912852905375103, 0.0004376132168940974, 0.00031129512736664664, 0.00017763292162552839, 0.00034717871978900614, 6.631288910481398e-05, 0.00010051124357114886, 0.00010374566318140511, 0.0001474347594013801, 3.1549249514531485e-05, 0.0004000611084510598, 0.00028812498502321865, 0.00012998539144010594, 0.0007078736409888454, 0.0004931938346562785, 0.00027883837894647083, 2.1379046239295636e-05, 0.0002466278909335649, 0.00033723119115692456, 0.00035524049426258653, 0.00040205915904844625, 7.506851980076858e-05, 0.0002433168238813355, 3.749542336459517e-05, 0.0004963269267597856, 0.000517607353605736, 0.000301409471235154, 0.0006788637859989051, 0.0007612219436078112, 0.00041577241011393046, 0.0003993307329101786, 0.00036517506992067404, 0.0003392801592336638, 0.00014828650955669645, 0.0002450093616036743, 0.0001032933463362955, 0.00010544325600837937, 0.0005903892795565413, 0.0005068028585866251, 9.095423679007172e-05, 0.00050526628770723, 0.0004348333597000823, 0.0002424665803584873, 0.0003045701820819921, 0.00018560734369923616, 0.00023751277683115496, 0.0005096091344666938, 0.00042473806604995926, 0.0004875578792432976, 0.0007187155409572882, 0.0010660725023397247, 0.0006772426958835759, 0.0005768267501534845, 0.00047974945529214916, 0.0001988411523898579, 0.0006995458121335107, 0.000703280846883534, 0.00013468704217012683, 0.0002784916600776527, 0.0004177278141053623, 0.0004247316107796127, 0.0007090432824562028, 0.0003027351568701642, 0.00040691170979114966, 0.000722617526745817, 0.0004793641341108862, 0.0003136647041312827, 0.00023197200945390597, 0.00046537726432466665, 0.0005067470624446994, 0.0007401089380904745, 0.0008578132842839135, 0.00045798437937484294, 0.0005953540623427614, 0.00018921721090904187, 0.0004359620976351082, 0.0004258138187117348, 0.0004567626727494509, 0.00015260680785607913, 0.0004839954863441429, 0.00027144317353792536, 0.000491439723695409, 8.509972993967997e-05, 0.00027500598698250266, 0.001122351595873147, 0.00012922230965180787, 0.0003401923393792365, 0.0011109986073886738, 0.0005852731308345882, 0.00044805314861329866, 0.0005175828804427343, 0.00027150775501428985, 0.00090035631272752, 0.0006803043606757004, 0.0004222185002795962, 0.0006744468823379025, 0.0007188693132220761, 0.0006113997266492382, 0.0014711993038587412, 0.0006073314924643201, 0.00046054969232601806, 0.0005967082456835672, 4.942606002713364e-05, 0.0012907046921906556, 0.0006993956983814259, 0.00016926110174492404, 0.000655201699624778, 0.0013104765960472485, 0.0009586671113338848, 0.001363629467026824, 0.0013420800765608079, 0.00035150914705316637, 0.0002463275010123239, 0.0014636602427481515, 0.0004730766093071506, 0.0022783749018963867, 0.0007594414857453534, 0.0005634400460011655, 0.00233192037907379, 0.0012319189738898644, 0.0009050852660236232, 0.0032560017443678015, 0.0008203965687675962, 0.0008729499836145185, 0.001244238132123684, 0.00032799290986067084, 0.0022566621196841224], "absG_profile": [12.395823609361464, 8.376094901481094, 8.848018734403754, 8.777253193528454, 9.308281289235746, 7.508573108616881, 5.080117922959038, 4.19406130744028, 2.301790775012494, 8.90970370772024, 8.28075336412857, 7.00222079291838, 7.197174492957976, 2.9364963575774583, 3.999571565480281, 2.524058765362975, 6.034985058505761, 2.0135302615221597, 3.1656587760151305, 3.903769485849607, 4.3591663514184384, 4.039077707847798, 9.867648859597654, 4.811877278522555, 5.547272300709253, 3.616962733878904, 9.228307895658178, 4.852123555737505, 6.796290997285124, 16.367028161553222, 6.350042601946118, 6.4557437841389955, 13.060399936715509, 2.1062252223145204, 6.347567824383616, 21.23391598831575, 9.055839803187657, 7.836237968799573, 5.499783420914809, 6.448644882395465, 7.580326731739218, 6.508286116450353, 10.412007342285214, 14.670065231853963, 7.124704644382414, 3.1434986449210727, 2.115121701284365, 3.5758677652413895, 7.140336636030427, 6.647285515181596, 8.697014740740787, 10.452486608679349, 5.793958678320634, 5.65669100879252, 3.970108396269251, 6.623357891360121, 9.77918175259936, 10.06219292298286, 10.119339488063966, 11.67982437523218, 5.569017918692572, 13.26719798722763, 9.471258981009088, 14.208081498546385, 8.37637121155363, 4.407660949035923, 3.946079079444862, 9.995330026971002, 5.174149150309339, 6.704052193006219, 7.834392638100392, 8.44123724041311, 7.547894469107477, 11.482855317995185, 3.6121528138963637, 10.409287049093766, 3.456276475940198, 12.384026386203374, 13.731712933874142, 8.091599872677847, 1.6851002419548355, 8.657557001097405, 9.671821413403638, 8.925802901570794, 7.330289684298492, 8.544469697912861, 8.503616505168864, 7.393330581443709, 7.340130799158766, 9.346597936890252, 5.255090090952278, 6.562914512823844, 2.852144806552157, 5.126787553877404, 8.494086416334412, 3.255023558158059, 3.413618183356602, 2.076118673423415, 6.8701209495747975, 6.530760427437743, 14.674445063703851, 2.2707900955412526, 9.977955044901975, 7.160368779553418, 4.900341397605163, 6.44388079499075, 9.4733740374686, 5.0610457838727445, 11.003643077284611, 4.094375895052145, 6.2285418415050815, 7.302546285860488, 8.007853592652944, 5.819408529860631, 9.02769243588949, 7.730045880616913, 2.1152084106954674, 6.703078609763414, 8.268841894489645, 2.1905157339331303, 3.142451785917596, 8.4397511476938, 4.586123716296443, 2.071842958408136, 4.8011877661049684, 3.0556076743037592, 6.879059157009337, 9.894825591929173, 7.433154323429193, 6.721814768082271, 6.542764837473884, 5.150991896233094, 12.430174601059507, 3.8013158620328324, 6.411194213440852, 6.875517713204987, 4.033691242245945, 8.844770196761036, 8.453506882164344, 2.987697128264854, 5.059408179526212, 15.199010874577027, 4.206737223338015, 0.9813826421448322, 5.498871533996685, 2.9253488672547165, 6.965501740561826, 12.112458602978467, 4.694565351540559, 0.9209608544152362, 9.757477831999118, 6.008516406056925, 6.354951030838644, 4.637444911814351, 1.3199058415801224, 4.691073992818265, 3.5768677412917027, 9.524068800541102, 3.799283519874247, 6.523971323574562, 2.4954039068527623, 10.797471140782974, 5.593060699117871, 4.084633507991882, 4.113961266133894, 1.5842885954948485, 5.390823957213682, 15.451684525927027, 3.5819305413032394, 8.87671043702562, 14.581522976924044, 1.0708723104525277, 1.4756168361440718, 9.071050898754644, 4.708735699336084, 8.273003569608083, 14.135559180976676, 9.613867224396014, 2.0813357761800146, 13.376933513844998, 2.746869408848076, 1.138361255818301, 12.46186361003012, 1.9656773992327736, 4.294761605235029, 8.095195497944838, 4.578384977142568, 4.7123885870046225, 15.64750969682395, 9.079180126538173, 3.733916427531465, 3.4463363082868494, 6.427384752193492, 4.852190182739072, 9.948594185934388, 2.5023521392187686, 6.962832253774603, 6.977118991468835, 4.540386418884133, 6.87106001450279, 8.46045540466114, 10.776408746432486, 5.061676185962766, 5.455062049113677, 9.879190729812521, 6.370664777139614, 7.7686084638557755, 5.030048298350299, 5.311425044784084, 1.4461108477116191, 8.386836526330299, 2.633014447920407, 7.32179384517783, 7.739874658971656, 9.562454855446957, 4.8750296486669376, 11.128844293381057, 10.33493176218246, 9.870406338244045, 8.778932714902108, 2.2957911628315912, 12.447732153338075, 9.54908989092066, 12.773037062647498, 9.264978417674754, 13.915484126311007, 1.915445368534599, 3.209812423052188, 4.554141674843808, 2.1861020941145637, 8.639405274955923, 1.8606957333994907, 3.443413411827391, 1.3032784675523799, 3.5745147020267156, 5.585889999291712, 9.174023316744867, 2.1052348691316904, 3.493324345317778, 4.57509002041997, 6.987697862744413, 4.567931604627665, 15.679670719295968, 2.9022242252158255, 9.42277394402212, 3.857221950908372, 4.418846955429337, 53.18127759749389, 11.079457219531287, 4.197342046757294, 6.7491124842257095, 4.197342046757294, 11.079457219531287, 53.18127759749389, 4.418846955429337, 3.857221950908372, 9.42277394402212, 2.9022242252158255, 15.679670719295968, 4.567931604627665, 6.987697862744413, 4.57509002041997, 3.493324345317778, 2.1052348691316904, 9.174023316744867, 5.585889999291712, 3.5745147020267156, 1.3032784675523799, 3.443413411827391, 1.8606957333994907, 8.639405274955923, 2.1861020941145637, 4.554141674843808, 3.209812423052188, 1.915445368534599, 13.915484126311007, 9.264978417674754, 12.773037062647498, 9.54908989092066, 12.447732153338075, 2.2957911628315912, 8.778932714902108, 9.870406338244045, 10.33493176218246, 11.128844293381057, 4.8750296486669376, 9.562454855446957, 7.739874658971656, 7.32179384517783, 2.633014447920407, 8.386836526330299, 1.4461108477116191, 5.311425044784084, 5.030048298350299, 7.7686084638557755, 6.370664777139614, 9.879190729812521, 5.455062049113677, 5.061676185962766, 10.776408746432486, 8.46045540466114, 6.87106001450279, 4.540386418884133, 6.977118991468835, 6.962832253774603, 2.5023521392187686, 9.948594185934388, 4.852190182739072, 6.427384752193492, 3.4463363082868494, 3.733916427531465, 9.079180126538173, 15.64750969682395, 4.7123885870046225, 4.578384977142568, 8.095195497944838, 4.294761605235029, 1.9656773992327736, 12.46186361003012, 1.138361255818301, 2.746869408848076, 13.376933513844998, 2.0813357761800146, 9.613867224396014, 14.135559180976676, 8.273003569608083, 4.708735699336084, 9.071050898754644, 1.4756168361440718, 1.0708723104525277, 14.581522976924044, 8.87671043702562, 3.5819305413032394, 15.451684525927027, 5.390823957213682, 1.5842885954948485, 4.113961266133894, 4.084633507991882, 5.593060699117871, 10.797471140782974, 2.4954039068527623, 6.523971323574562, 3.799283519874247, 9.524068800541102, 3.5768677412917027, 4.691073992818265, 1.3199058415801224, 4.637444911814351, 6.354951030838644, 6.008516406056925, 9.757477831999118, 0.9209608544152362, 4.694565351540559, 12.112458602978467, 6.965501740561826, 2.9253488672547165, 5.498871533996685, 0.9813826421448322, 4.206737223338015, 15.199010874577027, 5.059408179526212, 2.987697128264854, 8.453506882164344, 8.844770196761036, 4.033691242245945, 6.875517713204987, 6.411194213440852, 3.8013158620328324, 12.430174601059507, 5.150991896233094, 6.542764837473884, 6.721814768082271, 7.433154323429193, 9.894825591929173, 6.879059157009337, 3.0556076743037592, 4.8011877661049684, 2.071842958408136, 4.586123716296443, 8.4397511476938, 3.142451785917596, 2.1905157339331303, 8.268841894489645, 6.703078609763414, 2.1152084106954674, 7.730045880616913, 9.02769243588949, 5.819408529860631, 8.007853592652944, 7.302546285860488, 6.2285418415050815, 4.094375895052145, 11.003643077284611, 5.0610457838727445, 9.4733740374686, 6.44388079499075, 4.900341397605163, 7.160368779553418, 9.977955044901975, 2.2707900955412526, 14.674445063703851, 6.530760427437743, 6.8701209495747975, 2.076118673423415, 3.413618183356602, 3.255023558158059, 8.494086416334412, 5.126787553877404, 2.852144806552157, 6.562914512823844, 5.255090090952278, 9.346597936890252, 7.340130799158766, 7.393330581443709, 8.503616505168864, 8.544469697912861, 7.330289684298492, 8.925802901570794, 9.671821413403638, 8.657557001097405, 1.6851002419548355, 8.091599872677847, 13.731712933874142, 12.384026386203374, 3.456276475940198, 10.409287049093766, 3.6121528138963637, 11.482855317995185, 7.547894469107477, 8.44123724041311, 7.834392638100392, 6.704052193006219, 5.174149150309339, 9.995330026971002, 3.946079079444862, 4.407660949035923, 8.37637121155363, 14.208081498546385, 9.471258981009088, 13.26719798722763, 5.569017918692572, 11.67982437523218, 10.119339488063966, 10.06219292298286, 9.77918175259936, 6.623357891360121, 3.970108396269251, 5.65669100879252, 5.793958678320634, 10.452486608679349, 8.697014740740787, 6.647285515181596, 7.140336636030427, 3.5758677652413895, 2.115121701284365, 3.1434986449210727, 7.124704644382414, 14.670065231853963, 10.412007342285214, 6.508286116450353, 7.580326731739218, 6.448644882395465, 5.499783420914809, 7.836237968799573, 9.055839803187657, 21.23391598831575, 6.347567824383616, 2.1062252223145204, 13.060399936715509, 6.4557437841389955, 6.350042601946118, 16.367028161553222, 6.796290997285124, 4.852123555737505, 9.228307895658178, 3.616962733878904, 5.547272300709253, 4.811877278522555, 9.867648859597654, 4.039077707847798, 4.3591663514184384, 3.903769485849607, 3.1656587760151305, 2.0135302615221597, 6.034985058505761, 2.524058765362975, 3.999571565480281, 2.9364963575774583, 7.197174492957976, 7.00222079291838, 8.28075336412857, 8.90970370772024, 2.301790775012494, 4.19406130744028, 5.080117922959038, 7.508573108616881, 9.308281289235746, 8.777253193528454, 8.848018734403754, 8.376094901481094], "mode_profile": [-250, -249, -248, -247, -246, -245, -244, -243, -242, -241, -240, -239, -238, -237, -236, -235, -234, -233, -232, -231, -230, -229, -228, -227, -226, -225, -224, -223, -222, -221, -220, -219, -218, -217, -216, -215, -214, -213, -212, -211, -210, -209, -208, -207, -206, -205, -204, -203, -202, -201, -200, -199, -198, -197, -196, -195, -194, -193, -192, -191, -190, -189, -188, -187, -186, -185, -184, -183, -182, -181, -180, -179, -178, -177, -176, -175, -174, -173, -172, -171, -170, -169, -168, -167, -166, -165, -164, -163, -162, -161, -160, -159, -158, -157, -156, -155, -154, -153, -152, -151, -150, -149, -148, -147, -146, -145, -144, -143, -142, -141, -140, -139, -138, -137, -136, -135, -134, -133, -132, -131, -130, -129, -128, -127, -126, -125, -124, -123, -122, -121, -120, -119, -118, -117, -116, -115, -114, -113, -112, -111, -110, -109, -108, -107, -106, -105, -104, -103, -102, -101, -100, -99, -98, -97, -96, -95, -94, -93, -92, -91, -90, -89, -88, -87, -86, -85, -84, -83, -82, -81, -80, -79, -78, -77, -76, -75, -74, -73, -72, -71, -70, -69, -68, -67, -66, -65, -64, -63, -62, -61, -60, -59, -58, -57, -56, -55, -54, -53, -52, -51, -50, -49, -48, -47, -46, -45, -44, -43, -42, -41, -40, -39, -38, -37, -36, -35, -34, -33, -32, -31, -30, -29, -28, -27, -26, -25, -24, -23, -22, -21, -20, -19, -18, -17, -16, -15, -14, -13, -12, -11, -10, -9, -8, -7, -6, -5, -4, -3, -2, -1, 0, 1, 2, 3, 4, 5, 6, 7, 8, 9, 10, 11, 12, 13, 14, 15, 16, 17, 18, 19, 20, 21, 22, 23, 24, 25, 26, 27, 28, 29, 30, 31, 32, 33, 34, 35, 36, 37, 38, 39, 40, 41, 42, 43, 44, 45, 46, 47, 48, 49, 50, 51, 52, 53, 54, 55, 56, 57, 58, 59, 60, 61, 62, 63, 64, 65, 66, 67, 68, 69, 70, 71, 72, 73, 74, 75, 76, 77, 78, 79, 80, 81, 82, 83, 84, 85, 86, 87, 88, 89, 90, 91, 92, 93, 94, 95, 96, 97, 98, 99, 100, 101, 102, 103, 104, 105, 106, 107, 108, 109, 110, 111, 112, 113, 114, 115, 116, 117, 118, 119, 120, 121, 122, 123, 124, 125, 126, 127, 128, 129, 130, 131, 132, 133, 134, 135, 136, 137, 138, 139, 140, 141, 142, 143, 144, 145, 146, 147, 148, 149, 150, 151, 152, 153, 154, 155, 156, 157, 158, 159, 160, 161, 162, 163, 164, 165, 166, 167, 168, 169, 170, 171, 172, 173, 174, 175, 176, 177, 178, 179, 180, 181, 182, 183, 184, 185, 186, 187, 188, 189, 190, 191, 192, 193, 194, 195, 196, 197, 198, 199, 200, 201, 202, 203, 204, 205, 206, 207, 208, 209, 210, 211, 212, 213, 214, 215, 216, 217, 218, 219, 220, 221, 222, 223, 224, 225, 226, 227, 228, 229, 230, 231, 232, 233, 234, 235, 236, 237, 238, 239, 240, 241, 242, 243, 244, 245, 246, 247, 248, 249]}, {"label": "E2_phases_off_f64", "m": 12, "sigma": 2.0, "use_double": true, "x0": 0.0, "k0": 0, "nf": 500, "ndata": 100, "fast_math": true, "fast_grid": true, "l1": 66.89874303181936, "bound": 3.2543714286786796e-09, "max_abs_err": 11.187469527669162, "rms_err": 0.8264942694846386, "err_over_bound": 3437674455.0671744, "err_profile": [9.390554289723241e-08, 6.528141865887367e-08, 1.4084248408619166e-07, 7.496595854850992e-07, 3.168743713203709e-08, 4.2740642980514054e-08, 1.9023052611926823e-07, 1.4901322757694978e-07, 2.5269905955546786e-07, 6.107056714785289e-08, 1.5041194717853411e-07, 1.7834376662750585e-07, 1.3772885150123415e-07, 8.89788195977385e-08, 1.359514390093641e-07, 5.34713309128386e-08, 1.521982032942682e-07, 2.260108511788234e-07, 2.9079859452268674e-07, 4.73457471470325e-08, 1.1447432733074257e-07, 5.66051392650427e-08, 4.4513321695027746e-07, 2.3181594101271475e-07, 9.543353776492922e-08, 1.2960234065973645e-07, 3.078361010300848e-07, 3.071111786039959e-07, 3.1647663132158897e-07, 2.999657500135267e-07, 2.8128507370527385e-07, 3.729575546984477e-07, 2.875989703123693e-07, 5.310984340167621e-07, 1.25098963407624e-07, 2.93742658100428e-07, 1.505918695450243e-07, 2.0124046404379733e-07, 7.512821201697889e-07, 4.7369526709069864e-07, 5.292730016145194e-07, 6.5945484853868e-07, 1.1022366191289275e-07, 4.55630297410039e-07, 4.040182259102746e-07, 5.208828803419565e-07, 7.566310001039897e-07, 5.221336943156753e-07, 6.572183772629279e-07, 4.03091985566313e-07, 5.082343934900638e-07, 4.1838412530580266e-07, 8.416911279838713e-07, 7.347055917689335e-07, 2.317284692850555e-07, 3.3193711732473366e-07, 8.484874140537412e-07, 1.8897504778722175e-07, 6.482594104418404e-07, 7.978408407302884e-07, 5.210473665760229e-07, 7.185029525946177e-07, 3.6896483148076957e-08, 3.4059370554818797e-07, 5.88279587905599e-07, 4.353887608587223e-07, 1.2997168087428532e-06, 1.4550566233905473e-06, 4.6591461420881255e-07, 5.788268856712556e-07, 5.540382995660155e-07, 9.170707977944215e-07, 1.0912488871434317e-06, 1.9980280814680758e-06, 1.0445910851869445e-06, 1.537181050779442e-06, 9.353784252518871e-07, 5.825000425652947e-07, 1.6320817118485308e-06, 1.679925310082605e-06, 5.939682739945579e-07, 1.210182167935131e-06, 7.073315035720339e-07, 1.1935135567186985e-06, 1.284668479286227e-06, 1.5807918114953966e-06, 8.854448369039974e-07, 7.793345166609459e-07, 9.487952405057152e-07, 4.719935019896972e-07, 1.0657633532843938e-06, 1.0446945844141804e-06, 1.3237516233172787e-06, 6.248563087983046e-07, 1.4930931657623083e-06, 6.321690036181741e-07, 9.800350822504788e-07, 9.130101779326773e-07, 1.630432550263635e-06, 2.79202502925906e-06, 5.255715281915348e-07, 7.379528796970685e-07, 1.2675676863051881e-06, 6.491226032619245e-07, 3.71372685048352e-07, 3.3942872019558283e-06, 1.0104642323557568e-06, 8.998054071176462e-07, 6.81220137565827e-07, 1.334970178031084e-06, 1.1803790503414775e-06, 1.1333123288452828e-06, 6.588252101355995e-07, 1.3432202351782004e-06, 1.1405224744366719e-06, 1.8216105439017982e-06, 2.9351948002532937e-07, 2.973173005178122e-07, 3.793430662817246e-07, 2.9109247323810148e-06, 7.65764944844512e-07, 1.1544695550982263e-06, 1.0202614561948368e-06, 1.4150083164983754e-06, 1.3359904900957336e-06, 3.552993429284449e-06, 2.6453213611344434e-06, 1.1390243485539242e-06, 1.3066600255740298e-06, 1.5362743118787343e-06, 1.259481862955961e-06, 2.9454301617696428e-06, 3.6209967117135602e-06, 1.1895781967966945e-06, 4.201396423024141e-07, 8.952983911841725e-07, 3.426860004475852e-06, 2.857465493521157e-06, 1.5997433894300226e-06, 9.72447907863686e-07, 2.5675709192141594e-06, 7.061445275802731e-07, 1.5555702929827293e-06, 7.991251848514357e-07, 1.3900628458742767e-06, 1.7703858476840365e-06, 2.4335854052513064e-06, 2.622216920650095e-06, 6.445898130783839e-07, 1.0698845398569344e-06, 2.5143841413527778e-06, 1.5894472002864855e-06, 3.114653221378181e-06, 2.1314095834518524e-06, 2.0120961621268136e-06, 2.219540304975574e-06, 2.7100768481054903e-06, 1.7096988256323164e-06, 3.656856363568556e-06, 8.111903144707983e-07, 1.0373006553309552e-06, 3.009421829651008e-06, 3.869052669094656e-06, 1.0272960170559113e-06, 4.1164364863666404e-06, 1.870230131594453e-06, 6.369681526836155e-07, 1.4800642016068227e-06, 2.354627581990006e-06, 1.1949396300830714e-06, 5.342606761793972e-07, 2.8632268113395013e-06, 5.387968631173097e-07, 1.120990023155026e-06, 2.265527399650554e-06, 1.2007327908855094e-06, 2.3886123955139123e-06, 3.4966257884615326e-06, 3.605255389000406e-06, 1.7953338342530806e-06, 1.707962289347366e-06, 1.7053481163669968e-06, 2.209825853712268e-06, 2.8541827948845952e-06, 3.6975306547089367e-06, 2.3880168012809262e-06, 2.200861212447255e-06, 3.844814912086716e-06, 3.33324768182342e-06, 2.113471961870517e-06, 9.741320265785932e-07, 8.261228718361174e-07, 1.9604637117743887e-06, 1.2630554662237574e-06, 2.783820925705261e-06, 2.7468397439426583e-06, 1.418359281260749e-06, 6.626541806659984e-07, 2.0425543115049495e-06, 1.8263974892474313e-06, 2.162306695769462e-06, 2.9691485892163907e-06, 1.4214037407798017e-06, 1.010371301282635e-06, 1.3816206017421515e-06, 1.5144292486222923e-06, 5.655777913137782e-06, 4.096150372334555e-06, 3.568532820081218e-06, 4.385138677919895e-06, 3.924743288729133e-06, 6.873900081641435e-06, 3.9241966985311025e-06, 1.2900392238098948e-06, 2.816404146594789e-06, 5.220256994408577e-06, 1.3521356418530695e-06, 4.154911108210455e-06, 3.8143369158429196e-06, 3.1025868117714817e-06, 2.2334971299854516e-06, 5.148140859393227e-06, 1.4587579741536068e-06, 3.1219164198160397e-06, 1.6062550941388036e-06, 1.751234117578798e-06, 3.325556151120955e-06, 3.4355692924287577e-06, 3.7371604232387046e-06, 2.8356305605587223e-06, 9.256088441933848e-07, 2.001907143894248e-06, 2.7989859962320305e-06, 1.4965012015500547e-06, 8.864086319162815e-07, 2.1227524052770046e-06, 2.486132997865869e-06, 2.2859800366771107e-06, 2.294856182114895e-06, 2.0113256036371047e-06, 2.2038521858916977e-06, 7.675901672006364e-06, 3.2925206202300445e-06, 3.2906249874526997e-06, 1.0740950994688543e-06, 3.515032246366619e-06, 3.113812332391373e-06, 5.613037333731703e-06, 5.081694553569665e-06, 3.336095847154645e-06, 2.8317411870792894e-06, 3.608397536074576e-06, 6.411665525530725e-06, 5.317286424552608e-06, 2.1490682867751697e-06, 2.4114814518545722e-06, 1.2065704887483613e-06, 2.8009369671673632e-06, 2.8499484674855436e-06, 6.377651565241143e-06, 2.6419127362091046e-06, 1.439050071062952e-06, 3.7246193387478216e-06, 2.693059176016351e-06, 4.653164481504183e-07, 4.7667574693487874e-06, 1.9324006863340004e-06, 1.6224584434888575e-06, 3.3889902664681434e-06, 7.096653010743171e-07, 6.145885041833209e-07, 3.017623547296762e-06, 2.4147714633154983e-06, 2.0817202731922046e-06, 4.538172482831266e-06, 4.40023078888146e-06, 1.6160166093791572e-06, 5.9293835518410195e-06, 1.579490818263213e-06, 5.333014838204013e-07, 5.928771808799358e-06, 4.966468586021819e-06, 2.0576673041772588e-06, 6.689606660443043e-06, 3.1933491212457664e-06, 1.950380313765789e-06, 3.643054799658891e-06, 2.744535701666707e-06, 5.850380121840202e-06, 4.270755040289583e-06, 4.288040333332185e-06, 5.439586063756784e-06, 1.906194927843808e-06, 1.7326527116197967e-06, 7.762306017046236e-06, 3.2558589385602546e-06, 3.4104529219761174e-06, 4.663586618497043e-06, 2.615826316590713e-06, 1.3883613061665724e-06, 4.392413131879429e-06, 3.864779440829175e-06, 5.304471881358958e-06, 3.2016218775643938e-06, 5.246254846534081e-06, 3.17042138491906e-06, 4.011164498897551e-06, 1.1432875405721452e-06, 3.85904470081888e-06, 4.307138445466224e-06, 4.298019949950835e-06, 3.1878260377913788e-06, 3.726137325011397e-06, 3.850026500253183e-06, 7.264673834449604e-06, 1.9433360450808784e-06, 2.8082667573716186e-06, 6.093767481493175e-06, 2.9254370253397326e-06, 6.754248108011167e-06, 7.277872499929472e-06, 4.993926157448665e-06, 5.7981207993464e-06, 2.9246060623459347e-06, 3.0375872742847303e-06, 4.902307879811985e-06, 7.374170263898785e-06, 6.113942956168021e-06, 2.581730259988078e-06, 4.570056199036425e-06, 1.9110458355802052e-06, 2.4683172111594053e-06, 8.83607374687984e-06, 5.969640945523155e-06, 1.4636586329131751e-06, 1.4608201304527933e-06, 3.907868737216658e-06, 4.542253556595699e-06, 1.616622808047038e-06, 6.4258959086195535e-06, 4.0190787118321656e-06, 5.418848225377734e-06, 1.1231431966938391e-05, 6.218627047887532e-06, 2.9964282838745433e-06, 7.294525729372968e-06, 6.145168980541406e-06, 1.063352523658912e-06, 3.849684497924321e-06, 3.693138481125994e-06, 5.913785298960986e-06, 1.1191406469328729e-05, 3.5939480505974145e-06, 2.3657752292147585e-06, 5.390410000950783e-06, 3.7081364527425648e-06, 8.602043227912953e-06, 3.4901712464346488e-06, 9.11501938722366e-06, 7.952582999750606e-06, 4.075240562271173e-06, 2.670923683931843e-06, 1.4392533749706278e-05, 2.6813947735224464e-06, 1.1638739914627577e-05, 9.178539688484111e-06, 1.0836458843776557e-05, 9.433201971453614e-06, 1.808151932907072e-05, 1.241404112616347e-05, 1.6135365121345224e-05, 1.6948349243602226e-05, 1.3970895375681464e-05, 2.8318692215879386e-05, 4.7417129512877165e-05, 2.4223084243227183e-05, 2.497569563599814e-05, 1.8210538907464084e-05, 2.5711032504474334e-05, 5.564909524320179e-05, 5.073752078722727e-05, 6.430960977072152e-05, 2.8946531047272603e-05, 2.779562181371609e-05, 4.072670995158952e-05, 6.385985128881858e-05, 0.00012566454782839072, 0.00013544303727312684, 4.883828750024596e-05, 0.00013361499686500973, 4.3713466395476845e-05, 8.183710050701957e-05, 0.0001706122416435986, 0.00040310343376047977, 0.00011736981379904216, 0.00015046801631832864, 6.535198278233155e-05, 0.00018442236186167748, 0.00028771613162357845, 0.00045035360534614833, 0.00013820779174997897, 0.00011316739490458539, 0.00023052438705647944, 0.00033318602492525464, 0.0003355412679182214, 0.0007476415878799662, 0.0005943936609235394, 0.0008549272251191605, 0.0006992983108927778, 0.0004839171042348002, 0.0004354362310067427, 0.0008797571297578722, 0.0007202154612718663, 0.002106866874445756, 0.0013154769521286737, 0.00041506450247083066, 0.0012856218940424226, 0.0016852516866174695, 0.001766820881878586, 0.00178902133264141, 0.00018790330949423306, 0.0010245800987232962, 0.0028946642096253435, 0.0044530357318679405, 0.0024203776794585654, 0.0023368420967011896, 0.004358550986997352, 0.004583616159133325, 0.005916805780114276, 0.0065361245617564425, 0.0047287364744485645, 0.0032587554512365693, 0.0046714684417939415, 0.010943568997281768, 0.006970920300719289, 0.016056741491746258, 0.005423947806364332, 0.010430260959561602, 0.009010169070830892, 0.008641777085956448, 0.0028405613142963937, 0.024480870596692798, 0.0051441563477949035, 0.021813644607825054, 0.013133523409362835, 0.02648190378900456, 0.023379203078323668, 0.035640142046419396, 0.021299833773604934, 0.02708201815890749, 0.054373073984054804, 0.04333394269138067, 0.025438222323891327, 0.1142792278352911, 0.035005293920695964, 0.05785606341696325, 0.13742303793077215, 0.12561755194937144, 0.02649989558722458, 0.18657084824187037, 0.07669772517563982, 0.054195417122917075, 0.1250198905061985, 0.1457474449825929, 0.13959545374357307, 0.2363497569506334, 0.386210623167624, 0.4379071085005801, 0.20903493024614658, 0.09214977318036595, 0.3196852114849237, 0.4636356324219948, 0.3163369904708775, 0.49669128159907233, 0.6112107989137826, 0.6842018409670293, 0.9417517237300411, 0.3193908212995299, 0.4081911252808982, 0.5163168766963581, 0.4232404202734229, 1.0624868993206338, 1.6281072117174358, 0.41889728053171227, 1.5833711384675848, 1.9887673221388862, 1.9806390467064359, 2.7411538251063052, 3.952328875801854, 0.31330754279325845, 3.6870839930442343, 2.5686508190695685, 3.023256732651541, 6.300206792053707, 5.387123312929378, 3.08434910767936, 5.68077791946766, 4.235867957363569, 4.161732974421518, 11.187469527669162], "absG_profile": [6.7491124842257095, 4.197342046757293, 11.079457219531283, 53.18127759749389, 4.418846955429334, 3.8572219509083707, 9.42277394402212, 2.9022242252158224, 15.679670719295983, 4.567931604627677, 6.987697862744433, 4.575090020419987, 3.4933243453177805, 2.105234869131659, 9.17402331674487, 5.585889999291702, 3.5745147020267076, 1.3032784675522993, 3.443413411827357, 1.8606957333994263, 8.639405274955907, 2.1861020941145703, 4.554141674843833, 3.209812423052241, 1.9154453685345991, 13.91548412631098, 9.26497841767478, 12.773037062647509, 9.549089890920627, 12.447732153338126, 2.2957911628316503, 8.778932714902151, 9.87040633824399, 10.33493176218252, 11.128844293381103, 4.875029648666916, 9.562454855447083, 7.7398746589716545, 7.321793845177798, 2.633014447920396, 8.38683652633035, 1.446110847711632, 5.3114250447841185, 5.030048298350215, 7.768608463855777, 6.370664777139647, 9.879190729812468, 5.455062049113787, 5.061676185962662, 10.776408746432418, 8.460455404661191, 6.871060014502669, 4.540386418884166, 6.977118991468877, 6.962832253774544, 2.502352139218776, 9.948594185934466, 4.852190182739059, 6.427384752193574, 3.4463363082870284, 3.7339164275314025, 9.079180126538198, 15.647509696823846, 4.712388587004469, 4.578384977142467, 8.09519549794491, 4.294761605235092, 1.9656773992327732, 12.461863610030106, 1.1383612558182457, 2.7468694088478123, 13.376933513844905, 2.0813357761800164, 9.613867224395957, 14.135559180976648, 8.273003569608163, 4.70873569933597, 9.071050898754729, 1.4756168361439554, 1.0708723104524889, 14.58152297692407, 8.876710437025698, 3.5819305413033224, 15.451684525927103, 5.390823957213657, 1.584288595494903, 4.1139612661341145, 4.08463350799198, 5.593060699117997, 10.797471140783083, 2.4954039068527623, 6.523971323574784, 3.7992835198744466, 9.524068800541349, 3.57686774129182, 4.6910739928187475, 1.3199058415802074, 4.637444911814414, 6.354951030838866, 6.008516406057016, 9.75747783199903, 0.9209608544154049, 4.694565351540411, 12.112458602978341, 6.965501740561786, 2.925348867254947, 5.498871533996799, 0.9813826421448839, 4.206737223337921, 15.199010874576986, 5.059408179526252, 2.9876971282647666, 8.45350688216412, 8.84477019676112, 4.033691242245901, 6.875517713205114, 6.411194213441063, 3.801315862033036, 12.430174601059697, 5.150991896233328, 6.542764837473794, 6.721814768082057, 7.433154323429014, 9.894825591929365, 6.8790591570093795, 3.0556076743039227, 4.801187766105028, 2.0718429584083795, 4.586123716296351, 8.439751147693814, 3.1424517859174714, 2.1905157339329553, 8.268841894489416, 6.703078609763379, 2.115208410695449, 7.730045880617157, 9.02769243588941, 5.819408529860695, 8.007853592652536, 7.302546285860353, 6.228541841504906, 4.0943758950521785, 11.003643077284554, 5.061045783872734, 9.473374037468064, 6.443880794991012, 4.900341397605131, 7.160368779553855, 9.977955044902183, 2.270790095541448, 14.674445063704011, 6.530760427437704, 6.870120949575092, 2.0761186734234633, 3.4136181833567614, 3.2550235581580593, 8.494086416334786, 5.126787553877233, 2.8521448065522685, 6.562914512823685, 5.255090090952459, 9.34659793689013, 7.340130799158845, 7.393330581443966, 8.503616505168617, 8.544469697912437, 7.330289684298709, 8.925802901570526, 9.671821413403773, 8.657557001097224, 1.6851002419547767, 8.091599872678115, 13.731712933874505, 12.384026386203567, 3.4562764759401645, 10.409287049093777, 3.612152813896449, 11.482855317995623, 7.547894469107713, 8.441237240413493, 7.8343926380998985, 6.704052193006569, 5.174149150309068, 9.995330026971242, 3.9460790794453864, 4.407660949035636, 8.376371211552785, 14.208081498546987, 9.471258981008647, 13.267197987227368, 5.569017918691724, 11.679824375232089, 10.11933948806356, 10.062192922983051, 9.779181752599483, 6.623357891360093, 3.970108396269471, 5.656691008792539, 5.793958678320638, 10.452486608679516, 8.697014740740435, 6.647285515181749, 7.140336636030236, 3.5758677652410347, 2.1151217012847456, 3.143498644921119, 7.124704644381814, 14.670065231854059, 10.412007342284747, 6.508286116450175, 7.580326731739699, 6.448644882395472, 5.499783420915046, 7.836237968799066, 9.055839803188405, 21.233915988315974, 6.347567824383244, 2.1062252223146616, 13.060399936715486, 6.4557437841390914, 6.350042601945893, 16.367028161553584, 6.796290997284201, 4.852123555737432, 9.228307895658165, 3.616962733878993, 5.547272300709263, 4.8118772785234425, 9.867648859597356, 4.039077707847917, 4.359166351419118, 3.903769485850004, 3.1656587760154196, 2.01353026152234, 6.034985058506338, 2.524058765362899, 3.999571565479943, 2.9364963575781773, 7.197174492958237, 7.002220792918464, 8.28075336412833, 8.90970370772031, 2.3017907750128663, 4.194061307440698, 5.080117922960052, 7.508573108617216, 9.308281289235204, 8.77725319352879, 8.84801873440416, 8.376094901481483, 12.39582360936126, 9.468508148319243, 8.312294866952092, 7.854010020059305, 12.020441641569874, 9.389653591773843, 9.356377351005971, 4.959258354895304, 8.073599187114512, 15.514424024230793, 6.667115473849015, 7.215417469526458, 3.825500078300163, 4.094793168553008, 4.467688718471824, 11.872673438412962, 10.107776549590145, 2.38445982854885, 2.7714780618027945, 4.472226927769305, 7.616553670568193, 5.233416471141781, 8.878347348625057, 7.429575957945737, 1.7803867580181072, 7.445060275325838, 9.870975930545605, 9.252696384184576, 5.416421195113954, 8.015025710161636, 4.0368966413888625, 14.951645376248381, 2.4298475110652404, 13.088023875901195, 0.6009773234454682, 5.807118205802416, 4.314865663758614, 10.039232337942678, 0.648420084071692, 7.615380851641016, 9.818714832228485, 1.9007248858875119, 9.635146749064656, 2.9537143513965187, 2.7409534741168784, 2.8374703911774533, 9.475055433809457, 2.017569703460594, 12.48351811884572, 3.3577564723391333, 5.57381732948768, 8.64625176890951, 7.0734508615879585, 6.721162345894762, 9.658996969979974, 9.70607219662681, 4.5809602017814885, 2.211004848154081, 9.779513883177692, 10.352213853529692, 9.706767520907917, 11.016776976721383, 8.293607575177656, 8.028247154705978, 7.9241399621912745, 4.449342394891026, 3.8570899018070923, 2.3287095504544464, 3.3477537961177766, 3.4813424977783467, 8.712766022845909, 5.395042742479023, 7.525004863278884, 12.107014467457773, 3.2942420314348575, 6.4455595819116835, 3.3642340712192933, 2.854676786592356, 13.719631908957405, 7.731541286786672, 0.3439910543280854, 8.55030689114097, 8.069018222339714, 9.427950845911594, 8.693030058917518, 9.752113932611913, 2.612155747802226, 2.1784494149724, 4.369986355085296, 1.9652277997743122, 7.245897868419116, 11.590366675803425, 6.855754688084384, 5.235458368383858, 8.309939675432574, 4.473722278773161, 12.023082983466931, 4.513323727155513, 6.060766079680787, 2.630992666333829, 4.259697736731708, 6.993011039670852, 3.4927951698257855, 2.0336864237587724, 3.234363474496252, 9.034489643240361, 8.28700937175377, 1.606086927311172, 7.935756596103009, 8.722447738777058, 4.024082565807345, 11.805577475072516, 7.382505927046785, 0.7526889625096244, 8.680972196415299, 5.264890190308399, 9.969644863873542, 13.214169442752887, 4.099596031406762, 11.136728713906162, 7.018076980824377, 3.5606970545316012, 4.480059838705773, 2.1490988414807806, 4.938950148268407, 6.423245985665722, 4.8579109065077555, 2.0903973831632308, 6.66407357107572, 11.19703620894205, 6.654416556695968, 6.31958573640506, 3.3453889146406444, 6.018237406206105, 7.1155663785452345, 6.7128718323980525, 5.591112524792763, 2.2464519989599623, 3.7288061252853404, 2.7888176258711526, 3.4270196141969733, 5.356361438222909, 7.438040117087656, 1.5960810377294854, 4.388872980662383, 0.2143424412062756, 5.447903189280286, 9.390903996939157, 13.389186463585359, 2.539000914441227, 3.6425360692306117, 1.219063364559461, 8.865272004075875, 6.719428746125597, 14.220203063483599, 4.503603169817822, 8.475725920126502, 2.79904363782122, 6.791567525048646, 8.681056394752567, 9.448035882828405, 4.66431229289931, 7.282205749455285, 8.04196519904996, 4.849472312788508, 3.914622675726858, 8.762119989079702, 2.465299655677, 11.484764401924675, 9.338564015613132, 3.583206150230834, 4.310092023994523, 5.594240478446735, 4.7275929618062, 7.996730456867218, 4.7673875325012105, 5.3741350720394285, 7.819690853020224, 10.54442910017029, 6.796788519055096, 11.274579255894643, 8.649947219236703, 4.436433562372541, 7.930681059732982, 4.5664741937332485, 7.4688712644166655, 13.275328767263131, 6.940818183865665, 2.8715029113262083, 3.747506033961647, 4.649422286540979, 1.8145371319948163, 11.332867032875653, 4.905767119168286, 6.661578896385758, 4.11723667062751, 3.6022453433848503, 9.52181801017793, 4.811952521406685, 13.743988210662364, 3.391706176564513, 4.318786763537473, 6.23152537352817, 9.143860811410324, 9.693154338781214, 0.4386825467542654, 7.2006453849632495, 2.5816020352919273, 6.774810060018615, 10.206428738707084, 5.258561749320855, 11.063374166921248, 6.777247102869478, 2.8416153000010365, 6.857745170842136, 5.058915475073388, 6.638729726278787, 7.509623639752557, 6.069343041102229, 8.086799138221297, 8.636351065165062, 14.281757855777785, 5.891383081647946, 3.138168270207861, 4.22504512920272, 5.56006150733661, 13.067829750859032, 10.894391970581895, 6.124894639837543, 4.339355029906479, 9.301855849811801, 14.537478082601304, 6.74850009250594, 3.704145157608574, 7.031875440306218, 6.05892260837239, 11.808786395604931, 12.060919181861218, 8.091271829150227, 6.354252285178837, 6.504600524782083, 2.907696339850223, 4.516807577432678, 1.680833860719912, 8.430929900387918, 9.48766014056504, 2.0878131783501055, 1.8157322553258448, 5.303233875321234, 12.115123848204291], "mode_profile": [0, 1, 2, 3, 4, 5, 6, 7, 8, 9, 10, 11, 12, 13, 14, 15, 16, 17, 18, 19, 20, 21, 22, 23, 24, 25, 26, 27, 28, 29, 30, 31, 32, 33, 34, 35, 36, 37, 38, 39, 40, 41, 42, 43, 44, 45, 46, 47, 48, 49, 50, 51, 52, 53, 54, 55, 56, 57, 58, 59, 60, 61, 62, 63, 64, 65, 66, 67, 68, 69, 70, 71, 72, 73, 74, 75, 76, 77, 78, 79, 80, 81, 82, 83, 84, 85, 86, 87, 88, 89, 90, 91, 92, 93, 94, 95, 96, 97, 98, 99, 100, 101, 102, 103, 104, 105, 106, 107, 108, 109, 110, 111, 112, 113, 114, 115, 116, 117, 118, 119, 120, 121, 122, 123, 124, 125, 126, 127, 128, 129, 130, 131, 132, 133, 134, 135, 136, 137, 138, 139, 140, 141, 142, 143, 144, 145, 146, 147, 148, 149, 150, 151, 152, 153, 154, 155, 156, 157, 158, 159, 160, 161, 162, 163, 164, 165, 166, 167, 168, 169, 170, 171, 172, 173, 174, 175, 176, 177, 178, 179, 180, 181, 182, 183, 184, 185, 186, 187, 188, 189, 190, 191, 192, 193, 194, 195, 196, 197, 198, 199, 200, 201, 202, 203, 204, 205, 206, 207, 208, 209, 210, 211, 212, 213, 214, 215, 216, 217, 218, 219, 220, 221, 222, 223, 224, 225, 226, 227, 228, 229, 230, 231, 232, 233, 234, 235, 236, 237, 238, 239, 240, 241, 242, 243, 244, 245, 246, 247, 248, 249, 250, 251, 252, 253, 254, 255, 256, 257, 258, 259, 260, 261, 262, 263, 264, 265, 266, 267, 268, 269, 270, 271, 272, 273, 274, 275, 276, 277, 278, 279, 280, 281, 282, 283, 284, 285, 286, 287, 288, 289, 290, 291, 292, 293, 294, 295, 296, 297, 298, 299, 300, 301, 302, 303, 304, 305, 306, 307, 308, 309, 310, 311, 312, 313, 314, 315, 316, 317, 318, 319, 320, 321, 322, 323, 324, 325, 326, 327, 328, 329, 330, 331, 332, 333, 334, 335, 336, 337, 338, 339, 340, 341, 342, 343, 344, 345, 346, 347, 348, 349, 350, 351, 352, 353, 354, 355, 356, 357, 358, 359, 360, 361, 362, 363, 364, 365, 366, 367, 368, 369, 370, 371, 372, 373, 374, 375, 376, 377, 378, 379, 380, 381, 382, 383, 384, 385, 386, 387, 388, 389, 390, 391, 392, 393, 394, 395, 396, 397, 398, 399, 400, 401, 402, 403, 404, 405, 406, 407, 408, 409, 410, 411, 412, 413, 414, 415, 416, 417, 418, 419, 420, 421, 422, 423, 424, 425, 426, 427, 428, 429, 430, 431, 432, 433, 434, 435, 436, 437, 438, 439, 440, 441, 442, 443, 444, 445, 446, 447, 448, 449, 450, 451, 452, 453, 454, 455, 456, 457, 458, 459, 460, 461, 462, 463, 464, 465, 466, 467, 468, 469, 470, 471, 472, 473, 474, 475, 476, 477, 478, 479, 480, 481, 482, 483, 484, 485, 486, 487, 488, 489, 490, 491, 492, 493, 494, 495, 496, 497, 498, 499]}, {"label": "F_slowgrid_f64", "m": 12, "sigma": 2.0, "use_double": true, "x0": -0.5, "k0": -250, "nf": 500, "ndata": 100, "fast_math": true, "fast_grid": false, "l1": 66.89874303181936, "bound": 3.2543714286786796e-09, "max_abs_err": 0.003371770721637717, "rms_err": 0.0005531690292685166, "err_over_bound": 1036074.337404905}, {"label": "G_nfscale_f64", "m": 12, "sigma": 2.0, "use_double": true, "x0": -0.5, "k0": -100, "nf": 200, "ndata": 100, "fast_math": true, "fast_grid": true, "l1": 66.89874303181936, "bound": 3.2543714286786796e-09, "max_abs_err": 0.001079509693800811, "rms_err": 0.00031854423055582213, "err_over_bound": 331710.65978756675}, {"label": "G_nfscale_f64", "m": 12, "sigma": 2.0, "use_double": true, "x0": -0.5, "k0": -250, "nf": 500, "ndata": 100, "fast_math": true, "fast_grid": true, "l1": 66.89874303181936, "bound": 3.2543714286786796e-09, "max_abs_err": 0.003370659582065271, "rms_err": 0.0005531727709694658, "err_over_bound": 1035732.90754762}, {"label": "G_nfscale_f64", "m": 12, "sigma": 2.0, "use_double": true, "x0": -0.5, "k0": -500, "nf": 1000, "ndata": 100, "fast_math": true, "fast_grid": true, "l1": 66.89874303181936, "bound": 3.2543714286786796e-09, "max_abs_err": 0.0033143485809015894, "rms_err": 0.0007821533090846583, "err_over_bound": 1018429.7193904696}, {"label": "G_nfscale_f64", "m": 12, "sigma": 2.0, "use_double": true, "x0": -0.5, "k0": -1000, "nf": 2000, "ndata": 100, "fast_math": true, "fast_grid": true, "l1": 66.89874303181936, "bound": 3.2543714286786796e-09, "max_abs_err": 0.006197356547609369, "rms_err": 0.0013850702528443338, "err_over_bound": 1904317.5259578722}]}
